1 1 1
1 2 1
1 2 2
1 3 1
1 3 2
1 3 3
1 4 1
1 4 2
1 4 3
1 4 4
1 5 1
1 5 2
1 5 3
1 5 4
1 5 5
1 6 1
1 6 2
1 6 3
1 6 4
1 6 5
1 6 6
1 7 1
1 7 2
1 7 3
1 7 4
1 7 5
1 7 6
1 7 7
1 8 1
1 8 2
1 8 3
1 8 4
1 8 5
1 8 6
1 8 7
1 8 8
1 9 1
1 9 2
1 9 3
1 9 4
1 9 5
1 9 6
1 9 7
1 9 8
1 9 9
2 1 1
2 1 2
2 2 1
2 2 2
2 2 3
2 2 4
2 3 1
2 3 2
2 3 3
2 3 4
2 3 5
2 3 6
2 4 1
2 4 2
2 4 3
2 4 4
2 4 5
2 4 6
2 4 7
2 4 8
2 5 1
2 5 2
2 5 3
2 5 4
2 5 5
2 5 6
2 5 7
2 5 8
2 5 9
2 5 10
2 6 1
2 6 2
2 6 3
2 6 4
2 6 5
2 6 6
2 6 7
2 6 8
2 6 9
2 6 10
2 6 11
2 6 12
2 7 1
2 7 2
2 7 3
2 7 4
2 7 5
2 7 6
2 7 7
2 7 8
2 7 9
2 7 10
2 7 11
2 7 12
2 7 13
2 7 14
2 8 1
2 8 2
2 8 3
2 8 4
2 8 5
2 8 6
2 8 7
2 8 8
2 8 9
2 8 10
2 8 11
2 8 12
2 8 13
2 8 14
2 8 15
2 8 16
2 9 1
2 9 2
2 9 3
2 9 4
2 9 5
2 9 6
2 9 7
2 9 8
2 9 9
2 9 10
2 9 11
2 9 12
2 9 13
2 9 14
2 9 15
2 9 16
2 9 17
2 9 18
3 1 1
3 1 2
3 1 3
3 2 1
3 2 2
3 2 3
3 2 4
3 2 5
3 2 6
3 3 1
3 3 2
3 3 3
3 3 4
3 3 5
3 3 6
3 3 7
3 3 8
3 3 9
3 4 1
3 4 2
3 4 3
3 4 4
3 4 5
3 4 6
3 4 7
3 4 8
3 4 9
3 4 10
3 4 11
3 4 12
3 5 1
3 5 2
3 5 3
3 5 4
3 5 5
3 5 6
3 5 7
3 5 8
3 5 9
3 5 10
3 5 11
3 5 12
3 5 13
3 5 14
3 5 15
3 6 1
3 6 2
3 6 3
3 6 4
3 6 5
3 6 6
3 6 7
3 6 8
3 6 9
3 6 10
3 6 11
3 6 12
3 6 13
3 6 14
3 6 15
3 6 16
3 6 17
3 6 18
3 7 1
3 7 2
3 7 3
3 7 4
3 7 5
3 7 6
3 7 7
3 7 8
3 7 9
3 7 10
3 7 11
3 7 12
3 7 13
3 7 14
3 7 15
3 7 16
3 7 17
3 7 18
3 7 19
3 7 20
3 7 21
3 8 1
3 8 2
3 8 3
3 8 4
3 8 5
3 8 6
3 8 7
3 8 8
3 8 9
3 8 10
3 8 11
3 8 12
3 8 13
3 8 14
3 8 15
3 8 16
3 8 17
3 8 18
3 8 19
3 8 20
3 8 21
3 8 22
3 8 23
3 8 24
3 9 1
3 9 2
3 9 3
3 9 4
3 9 5
3 9 6
3 9 7
3 9 8
3 9 9
3 9 10
3 9 11
3 9 12
3 9 13
3 9 14
3 9 15
3 9 16
3 9 17
3 9 18
3 9 19
3 9 20
3 9 21
3 9 22
3 9 23
3 9 24
3 9 25
3 9 26
3 9 27
4 1 1
4 1 2
4 1 3
4 1 4
4 2 1
4 2 2
4 2 3
4 2 4
4 2 5
4 2 6
4 2 7
4 2 8
4 3 1
4 3 2
4 3 3
4 3 4
4 3 5
4 3 6
4 3 7
4 3 8
4 3 9
4 3 10
4 3 11
4 3 12
4 4 1
4 4 2
4 4 3
4 4 4
4 4 5
4 4 6
4 4 7
4 4 8
4 4 9
4 4 10
4 4 11
4 4 12
4 4 13
4 4 14
4 4 15
4 4 16
4 5 1
4 5 2
4 5 3
4 5 4
4 5 5
4 5 6
4 5 7
4 5 8
4 5 9
4 5 10
4 5 11
4 5 12
4 5 13
4 5 14
4 5 15
4 5 16
4 5 17
4 5 18
4 5 19
4 5 20
4 6 1
4 6 2
4 6 3
4 6 4
4 6 5
4 6 6
4 6 7
4 6 8
4 6 9
4 6 10
4 6 11
4 6 12
4 6 13
4 6 14
4 6 15
4 6 16
4 6 17
4 6 18
4 6 19
4 6 20
4 6 21
4 6 22
4 6 23
4 6 24
4 7 1
4 7 2
4 7 3
4 7 4
4 7 5
4 7 6
4 7 7
4 7 8
4 7 9
4 7 10
4 7 11
4 7 12
4 7 13
4 7 14
4 7 15
4 7 16
4 7 17
4 7 18
4 7 19
4 7 20
4 7 21
4 7 22
4 7 23
4 7 24
4 7 25
4 7 26
4 7 27
4 7 28
4 8 1
4 8 2
4 8 3
4 8 4
4 8 5
4 8 6
4 8 7
4 8 8
4 8 9
4 8 10
4 8 11
4 8 12
4 8 13
4 8 14
4 8 15
4 8 16
4 8 17
4 8 18
4 8 19
4 8 20
4 8 21
4 8 22
4 8 23
4 8 24
4 8 25
4 8 26
4 8 27
4 8 28
4 8 29
4 8 30
4 8 31
4 8 32
4 9 1
4 9 2
4 9 3
4 9 4
4 9 5
4 9 6
4 9 7
4 9 8
4 9 9
4 9 10
4 9 11
4 9 12
4 9 13
4 9 14
4 9 15
4 9 16
4 9 17
4 9 18
4 9 19
4 9 20
4 9 21
4 9 22
4 9 23
4 9 24
4 9 25
4 9 26
4 9 27
4 9 28
4 9 29
4 9 30
4 9 31
4 9 32
4 9 33
4 9 34
4 9 35
4 9 36
5 1 1
5 1 2
5 1 3
5 1 4
5 1 5
5 2 1
5 2 2
5 2 3
5 2 4
5 2 5
5 2 6
5 2 7
5 2 8
5 2 9
5 2 10
5 3 1
5 3 2
5 3 3
5 3 4
5 3 5
5 3 6
5 3 7
5 3 8
5 3 9
5 3 10
5 3 11
5 3 12
5 3 13
5 3 14
5 3 15
5 4 1
5 4 2
5 4 3
5 4 4
5 4 5
5 4 6
5 4 7
5 4 8
5 4 9
5 4 10
5 4 11
5 4 12
5 4 13
5 4 14
5 4 15
5 4 16
5 4 17
5 4 18
5 4 19
5 4 20
5 5 1
5 5 2
5 5 3
5 5 4
5 5 5
5 5 6
5 5 7
5 5 8
5 5 9
5 5 10
5 5 11
5 5 12
5 5 13
5 5 14
5 5 15
5 5 16
5 5 17
5 5 18
5 5 19
5 5 20
5 5 21
5 5 22
5 5 23
5 5 24
5 5 25
5 6 1
5 6 2
5 6 3
5 6 4
5 6 5
5 6 6
5 6 7
5 6 8
5 6 9
5 6 10
5 6 11
5 6 12
5 6 13
5 6 14
5 6 15
5 6 16
5 6 17
5 6 18
5 6 19
5 6 20
5 6 21
5 6 22
5 6 23
5 6 24
5 6 25
5 6 26
5 6 27
5 6 28
5 6 29
5 6 30
5 7 1
5 7 2
5 7 3
5 7 4
5 7 5
5 7 6
5 7 7
5 7 8
5 7 9
5 7 10
5 7 11
5 7 12
5 7 13
5 7 14
5 7 15
5 7 16
5 7 17
5 7 18
5 7 19
5 7 20
5 7 21
5 7 22
5 7 23
5 7 24
5 7 25
5 7 26
5 7 27
5 7 28
5 7 29
5 7 30
5 7 31
5 7 32
5 7 33
5 7 34
5 7 35
5 8 1
5 8 2
5 8 3
5 8 4
5 8 5
5 8 6
5 8 7
5 8 8
5 8 9
5 8 10
5 8 11
5 8 12
5 8 13
5 8 14
5 8 15
5 8 16
5 8 17
5 8 18
5 8 19
5 8 20
5 8 21
5 8 22
5 8 23
5 8 24
5 8 25
5 8 26
5 8 27
5 8 28
5 8 29
5 8 30
5 8 31
5 8 32
5 8 33
5 8 34
5 8 35
5 8 36
5 8 37
5 8 38
5 8 39
5 8 40
5 9 1
5 9 2
5 9 3
5 9 4
5 9 5
5 9 6
5 9 7
5 9 8
5 9 9
5 9 10
5 9 11
5 9 12
5 9 13
5 9 14
5 9 15
5 9 16
5 9 17
5 9 18
5 9 19
5 9 20
5 9 21
5 9 22
5 9 23
5 9 24
5 9 25
5 9 26
5 9 27
5 9 28
5 9 29
5 9 30
5 9 31
5 9 32
5 9 33
5 9 34
5 9 35
5 9 36
5 9 37
5 9 38
5 9 39
5 9 40
5 9 41
5 9 42
5 9 43
5 9 44
5 9 45
6 1 1
6 1 2
6 1 3
6 1 4
6 1 5
6 1 6
6 2 1
6 2 2
6 2 3
6 2 4
6 2 5
6 2 6
6 2 7
6 2 8
6 2 9
6 2 10
6 2 11
6 2 12
6 3 1
6 3 2
6 3 3
6 3 4
6 3 5
6 3 6
6 3 7
6 3 8
6 3 9
6 3 10
6 3 11
6 3 12
6 3 13
6 3 14
6 3 15
6 3 16
6 3 17
6 3 18
6 4 1
6 4 2
6 4 3
6 4 4
6 4 5
6 4 6
6 4 7
6 4 8
6 4 9
6 4 10
6 4 11
6 4 12
6 4 13
6 4 14
6 4 15
6 4 16
6 4 17
6 4 18
6 4 19
6 4 20
6 4 21
6 4 22
6 4 23
6 4 24
6 5 1
6 5 2
6 5 3
6 5 4
6 5 5
6 5 6
6 5 7
6 5 8
6 5 9
6 5 10
6 5 11
6 5 12
6 5 13
6 5 14
6 5 15
6 5 16
6 5 17
6 5 18
6 5 19
6 5 20
6 5 21
6 5 22
6 5 23
6 5 24
6 5 25
6 5 26
6 5 27
6 5 28
6 5 29
6 5 30
6 6 1
6 6 2
6 6 3
6 6 4
6 6 5
6 6 6
6 6 7
6 6 8
6 6 9
6 6 10
6 6 11
6 6 12
6 6 13
6 6 14
6 6 15
6 6 16
6 6 17
6 6 18
6 6 19
6 6 20
6 6 21
6 6 22
6 6 23
6 6 24
6 6 25
6 6 26
6 6 27
6 6 28
6 6 29
6 6 30
6 6 31
6 6 32
6 6 33
6 6 34
6 6 35
6 6 36
6 7 1
6 7 2
6 7 3
6 7 4
6 7 5
6 7 6
6 7 7
6 7 8
6 7 9
6 7 10
6 7 11
6 7 12
6 7 13
6 7 14
6 7 15
6 7 16
6 7 17
6 7 18
6 7 19
6 7 20
6 7 21
6 7 22
6 7 23
6 7 24
6 7 25
6 7 26
6 7 27
6 7 28
6 7 29
6 7 30
6 7 31
6 7 32
6 7 33
6 7 34
6 7 35
6 7 36
6 7 37
6 7 38
6 7 39
6 7 40
6 7 41
6 7 42
6 8 1
6 8 2
6 8 3
6 8 4
6 8 5
6 8 6
6 8 7
6 8 8
6 8 9
6 8 10
6 8 11
6 8 12
6 8 13
6 8 14
6 8 15
6 8 16
6 8 17
6 8 18
6 8 19
6 8 20
6 8 21
6 8 22
6 8 23
6 8 24
6 8 25
6 8 26
6 8 27
6 8 28
6 8 29
6 8 30
6 8 31
6 8 32
6 8 33
6 8 34
6 8 35
6 8 36
6 8 37
6 8 38
6 8 39
6 8 40
6 8 41
6 8 42
6 8 43
6 8 44
6 8 45
6 8 46
6 8 47
6 8 48
6 9 1
6 9 2
6 9 3
6 9 4
6 9 5
6 9 6
6 9 7
6 9 8
6 9 9
6 9 10
6 9 11
6 9 12
6 9 13
6 9 14
6 9 15
6 9 16
6 9 17
6 9 18
6 9 19
6 9 20
6 9 21
6 9 22
6 9 23
6 9 24
6 9 25
6 9 26
6 9 27
6 9 28
6 9 29
6 9 30
6 9 31
6 9 32
6 9 33
6 9 34
6 9 35
6 9 36
6 9 37
6 9 38
6 9 39
6 9 40
6 9 41
6 9 42
6 9 43
6 9 44
6 9 45
6 9 46
6 9 47
6 9 48
6 9 49
6 9 50
6 9 51
6 9 52
6 9 53
6 9 54
7 1 1
7 1 2
7 1 3
7 1 4
7 1 5
7 1 6
7 1 7
7 2 1
7 2 2
7 2 3
7 2 4
7 2 5
7 2 6
7 2 7
7 2 8
7 2 9
7 2 10
7 2 11
7 2 12
7 2 13
7 2 14
7 3 1
7 3 2
7 3 3
7 3 4
7 3 5
7 3 6
7 3 7
7 3 8
7 3 9
7 3 10
7 3 11
7 3 12
7 3 13
7 3 14
7 3 15
7 3 16
7 3 17
7 3 18
7 3 19
7 3 20
7 3 21
7 4 1
7 4 2
7 4 3
7 4 4
7 4 5
7 4 6
7 4 7
7 4 8
7 4 9
7 4 10
7 4 11
7 4 12
7 4 13
7 4 14
7 4 15
7 4 16
7 4 17
7 4 18
7 4 19
7 4 20
7 4 21
7 4 22
7 4 23
7 4 24
7 4 25
7 4 26
7 4 27
7 4 28
7 5 1
7 5 2
7 5 3
7 5 4
7 5 5
7 5 6
7 5 7
7 5 8
7 5 9
7 5 10
7 5 11
7 5 12
7 5 13
7 5 14
7 5 15
7 5 16
7 5 17
7 5 18
7 5 19
7 5 20
7 5 21
7 5 22
7 5 23
7 5 24
7 5 25
7 5 26
7 5 27
7 5 28
7 5 29
7 5 30
7 5 31
7 5 32
7 5 33
7 5 34
7 5 35
7 6 1
7 6 2
7 6 3
7 6 4
7 6 5
7 6 6
7 6 7
7 6 8
7 6 9
7 6 10
7 6 11
7 6 12
7 6 13
7 6 14
7 6 15
7 6 16
7 6 17
7 6 18
7 6 19
7 6 20
7 6 21
7 6 22
7 6 23
7 6 24
7 6 25
7 6 26
7 6 27
7 6 28
7 6 29
7 6 30
7 6 31
7 6 32
7 6 33
7 6 34
7 6 35
7 6 36
7 6 37
7 6 38
7 6 39
7 6 40
7 6 41
7 6 42
7 7 1
7 7 2
7 7 3
7 7 4
7 7 5
7 7 6
7 7 7
7 7 8
7 7 9
7 7 10
7 7 11
7 7 12
7 7 13
7 7 14
7 7 15
7 7 16
7 7 17
7 7 18
7 7 19
7 7 20
7 7 21
7 7 22
7 7 23
7 7 24
7 7 25
7 7 26
7 7 27
7 7 28
7 7 29
7 7 30
7 7 31
7 7 32
7 7 33
7 7 34
7 7 35
7 7 36
7 7 37
7 7 38
7 7 39
7 7 40
7 7 41
7 7 42
7 7 43
7 7 44
7 7 45
7 7 46
7 7 47
7 7 48
7 7 49
7 8 1
7 8 2
7 8 3
7 8 4
7 8 5
7 8 6
7 8 7
7 8 8
7 8 9
7 8 10
7 8 11
7 8 12
7 8 13
7 8 14
7 8 15
7 8 16
7 8 17
7 8 18
7 8 19
7 8 20
7 8 21
7 8 22
7 8 23
7 8 24
7 8 25
7 8 26
7 8 27
7 8 28
7 8 29
7 8 30
7 8 31
7 8 32
7 8 33
7 8 34
7 8 35
7 8 36
7 8 37
7 8 38
7 8 39
7 8 40
7 8 41
7 8 42
7 8 43
7 8 44
7 8 45
7 8 46
7 8 47
7 8 48
7 8 49
7 8 50
7 8 51
7 8 52
7 8 53
7 8 54
7 8 55
7 8 56
7 9 1
7 9 2
7 9 3
7 9 4
7 9 5
7 9 6
7 9 7
7 9 8
7 9 9
7 9 10
7 9 11
7 9 12
7 9 13
7 9 14
7 9 15
7 9 16
7 9 17
7 9 18
7 9 19
7 9 20
7 9 21
7 9 22
7 9 23
7 9 24
7 9 25
7 9 26
7 9 27
7 9 28
7 9 29
7 9 30
7 9 31
7 9 32
7 9 33
7 9 34
7 9 35
7 9 36
7 9 37
7 9 38
7 9 39
7 9 40
7 9 41
7 9 42
7 9 43
7 9 44
7 9 45
7 9 46
7 9 47
7 9 48
7 9 49
7 9 50
7 9 51
7 9 52
7 9 53
7 9 54
7 9 55
7 9 56
7 9 57
7 9 58
7 9 59
7 9 60
7 9 61
7 9 62
7 9 63
8 1 1
8 1 2
8 1 3
8 1 4
8 1 5
8 1 6
8 1 7
8 1 8
8 2 1
8 2 2
8 2 3
8 2 4
8 2 5
8 2 6
8 2 7
8 2 8
8 2 9
8 2 10
8 2 11
8 2 12
8 2 13
8 2 14
8 2 15
8 2 16
8 3 1
8 3 2
8 3 3
8 3 4
8 3 5
8 3 6
8 3 7
8 3 8
8 3 9
8 3 10
8 3 11
8 3 12
8 3 13
8 3 14
8 3 15
8 3 16
8 3 17
8 3 18
8 3 19
8 3 20
8 3 21
8 3 22
8 3 23
8 3 24
8 4 1
8 4 2
8 4 3
8 4 4
8 4 5
8 4 6
8 4 7
8 4 8
8 4 9
8 4 10
8 4 11
8 4 12
8 4 13
8 4 14
8 4 15
8 4 16
8 4 17
8 4 18
8 4 19
8 4 20
8 4 21
8 4 22
8 4 23
8 4 24
8 4 25
8 4 26
8 4 27
8 4 28
8 4 29
8 4 30
8 4 31
8 4 32
8 5 1
8 5 2
8 5 3
8 5 4
8 5 5
8 5 6
8 5 7
8 5 8
8 5 9
8 5 10
8 5 11
8 5 12
8 5 13
8 5 14
8 5 15
8 5 16
8 5 17
8 5 18
8 5 19
8 5 20
8 5 21
8 5 22
8 5 23
8 5 24
8 5 25
8 5 26
8 5 27
8 5 28
8 5 29
8 5 30
8 5 31
8 5 32
8 5 33
8 5 34
8 5 35
8 5 36
8 5 37
8 5 38
8 5 39
8 5 40
8 6 1
8 6 2
8 6 3
8 6 4
8 6 5
8 6 6
8 6 7
8 6 8
8 6 9
8 6 10
8 6 11
8 6 12
8 6 13
8 6 14
8 6 15
8 6 16
8 6 17
8 6 18
8 6 19
8 6 20
8 6 21
8 6 22
8 6 23
8 6 24
8 6 25
8 6 26
8 6 27
8 6 28
8 6 29
8 6 30
8 6 31
8 6 32
8 6 33
8 6 34
8 6 35
8 6 36
8 6 37
8 6 38
8 6 39
8 6 40
8 6 41
8 6 42
8 6 43
8 6 44
8 6 45
8 6 46
8 6 47
8 6 48
8 7 1
8 7 2
8 7 3
8 7 4
8 7 5
8 7 6
8 7 7
8 7 8
8 7 9
8 7 10
8 7 11
8 7 12
8 7 13
8 7 14
8 7 15
8 7 16
8 7 17
8 7 18
8 7 19
8 7 20
8 7 21
8 7 22
8 7 23
8 7 24
8 7 25
8 7 26
8 7 27
8 7 28
8 7 29
8 7 30
8 7 31
8 7 32
8 7 33
8 7 34
8 7 35
8 7 36
8 7 37
8 7 38
8 7 39
8 7 40
8 7 41
8 7 42
8 7 43
8 7 44
8 7 45
8 7 46
8 7 47
8 7 48
8 7 49
8 7 50
8 7 51
8 7 52
8 7 53
8 7 54
8 7 55
8 7 56
8 8 1
8 8 2
8 8 3
8 8 4
8 8 5
8 8 6
8 8 7
8 8 8
8 8 9
8 8 10
8 8 11
8 8 12
8 8 13
8 8 14
8 8 15
8 8 16
8 8 17
8 8 18
8 8 19
8 8 20
8 8 21
8 8 22
8 8 23
8 8 24
8 8 25
8 8 26
8 8 27
8 8 28
8 8 29
8 8 30
8 8 31
8 8 32
8 8 33
8 8 34
8 8 35
8 8 36
8 8 37
8 8 38
8 8 39
8 8 40
8 8 41
8 8 42
8 8 43
8 8 44
8 8 45
8 8 46
8 8 47
8 8 48
8 8 49
8 8 50
8 8 51
8 8 52
8 8 53
8 8 54
8 8 55
8 8 56
8 8 57
8 8 58
8 8 59
8 8 60
8 8 61
8 8 62
8 8 63
8 8 64
8 9 1
8 9 2
8 9 3
8 9 4
8 9 5
8 9 6
8 9 7
8 9 8
8 9 9
8 9 10
8 9 11
8 9 12
8 9 13
8 9 14
8 9 15
8 9 16
8 9 17
8 9 18
8 9 19
8 9 20
8 9 21
8 9 22
8 9 23
8 9 24
8 9 25
8 9 26
8 9 27
8 9 28
8 9 29
8 9 30
8 9 31
8 9 32
8 9 33
8 9 34
8 9 35
8 9 36
8 9 37
8 9 38
8 9 39
8 9 40
8 9 41
8 9 42
8 9 43
8 9 44
8 9 45
8 9 46
8 9 47
8 9 48
8 9 49
8 9 50
8 9 51
8 9 52
8 9 53
8 9 54
8 9 55
8 9 56
8 9 57
8 9 58
8 9 59
8 9 60
8 9 61
8 9 62
8 9 63
8 9 64
8 9 65
8 9 66
8 9 67
8 9 68
8 9 69
8 9 70
8 9 71
8 9 72
9 1 1
9 1 2
9 1 3
9 1 4
9 1 5
9 1 6
9 1 7
9 1 8
9 1 9
9 2 1
9 2 2
9 2 3
9 2 4
9 2 5
9 2 6
9 2 7
9 2 8
9 2 9
9 2 10
9 2 11
9 2 12
9 2 13
9 2 14
9 2 15
9 2 16
9 2 17
9 2 18
9 3 1
9 3 2
9 3 3
9 3 4
9 3 5
9 3 6
9 3 7
9 3 8
9 3 9
9 3 10
9 3 11
9 3 12
9 3 13
9 3 14
9 3 15
9 3 16
9 3 17
9 3 18
9 3 19
9 3 20
9 3 21
9 3 22
9 3 23
9 3 24
9 3 25
9 3 26
9 3 27
9 4 1
9 4 2
9 4 3
9 4 4
9 4 5
9 4 6
9 4 7
9 4 8
9 4 9
9 4 10
9 4 11
9 4 12
9 4 13
9 4 14
9 4 15
9 4 16
9 4 17
9 4 18
9 4 19
9 4 20
9 4 21
9 4 22
9 4 23
9 4 24
9 4 25
9 4 26
9 4 27
9 4 28
9 4 29
9 4 30
9 4 31
9 4 32
9 4 33
9 4 34
9 4 35
9 4 36
9 5 1
9 5 2
9 5 3
9 5 4
9 5 5
9 5 6
9 5 7
9 5 8
9 5 9
9 5 10
9 5 11
9 5 12
9 5 13
9 5 14
9 5 15
9 5 16
9 5 17
9 5 18
9 5 19
9 5 20
9 5 21
9 5 22
9 5 23
9 5 24
9 5 25
9 5 26
9 5 27
9 5 28
9 5 29
9 5 30
9 5 31
9 5 32
9 5 33
9 5 34
9 5 35
9 5 36
9 5 37
9 5 38
9 5 39
9 5 40
9 5 41
9 5 42
9 5 43
9 5 44
9 5 45
9 6 1
9 6 2
9 6 3
9 6 4
9 6 5
9 6 6
9 6 7
9 6 8
9 6 9
9 6 10
9 6 11
9 6 12
9 6 13
9 6 14
9 6 15
9 6 16
9 6 17
9 6 18
9 6 19
9 6 20
9 6 21
9 6 22
9 6 23
9 6 24
9 6 25
9 6 26
9 6 27
9 6 28
9 6 29
9 6 30
9 6 31
9 6 32
9 6 33
9 6 34
9 6 35
9 6 36
9 6 37
9 6 38
9 6 39
9 6 40
9 6 41
9 6 42
9 6 43
9 6 44
9 6 45
9 6 46
9 6 47
9 6 48
9 6 49
9 6 50
9 6 51
9 6 52
9 6 53
9 6 54
9 7 1
9 7 2
9 7 3
9 7 4
9 7 5
9 7 6
9 7 7
9 7 8
9 7 9
9 7 10
9 7 11
9 7 12
9 7 13
9 7 14
9 7 15
9 7 16
9 7 17
9 7 18
9 7 19
9 7 20
9 7 21
9 7 22
9 7 23
9 7 24
9 7 25
9 7 26
9 7 27
9 7 28
9 7 29
9 7 30
9 7 31
9 7 32
9 7 33
9 7 34
9 7 35
9 7 36
9 7 37
9 7 38
9 7 39
9 7 40
9 7 41
9 7 42
9 7 43
9 7 44
9 7 45
9 7 46
9 7 47
9 7 48
9 7 49
9 7 50
9 7 51
9 7 52
9 7 53
9 7 54
9 7 55
9 7 56
9 7 57
9 7 58
9 7 59
9 7 60
9 7 61
9 7 62
9 7 63
9 8 1
9 8 2
9 8 3
9 8 4
9 8 5
9 8 6
9 8 7
9 8 8
9 8 9
9 8 10
9 8 11
9 8 12
9 8 13
9 8 14
9 8 15
9 8 16
9 8 17
9 8 18
9 8 19
9 8 20
9 8 21
9 8 22
9 8 23
9 8 24
9 8 25
9 8 26
9 8 27
9 8 28
9 8 29
9 8 30
9 8 31
9 8 32
9 8 33
9 8 34
9 8 35
9 8 36
9 8 37
9 8 38
9 8 39
9 8 40
9 8 41
9 8 42
9 8 43
9 8 44
9 8 45
9 8 46
9 8 47
9 8 48
9 8 49
9 8 50
9 8 51
9 8 52
9 8 53
9 8 54
9 8 55
9 8 56
9 8 57
9 8 58
9 8 59
9 8 60
9 8 61
9 8 62
9 8 63
9 8 64
9 8 65
9 8 66
9 8 67
9 8 68
9 8 69
9 8 70
9 8 71
9 8 72
9 9 1
9 9 2
9 9 3
9 9 4
9 9 5
9 9 6
9 9 7
9 9 8
9 9 9
9 9 10
9 9 11
9 9 12
9 9 13
9 9 14
9 9 15
9 9 16
9 9 17
9 9 18
9 9 19
9 9 20
9 9 21
9 9 22
9 9 23
9 9 24
9 9 25
9 9 26
9 9 27
9 9 28
9 9 29
9 9 30
9 9 31
9 9 32
9 9 33
9 9 34
9 9 35
9 9 36
9 9 37
9 9 38
9 9 39
9 9 40
9 9 41
9 9 42
9 9 43
9 9 44
9 9 45
9 9 46
9 9 47
9 9 48
9 9 49
9 9 50
9 9 51
9 9 52
9 9 53
9 9 54
9 9 55
9 9 56
9 9 57
9 9 58
9 9 59
9 9 60
9 9 61
9 9 62
9 9 63
9 9 64
9 9 65
9 9 66
9 9 67
9 9 68
9 9 69
9 9 70
9 9 71
9 9 72
9 9 73
9 9 74
9 9 75
9 9 76
9 9 77
9 9 78
9 9 79
9 9 80
9 9 81
10 1 1
10 1 2
10 1 3
10 1 4
10 1 5
10 1 6
10 1 7
10 1 8
10 1 9
10 1 10
10 2 1
10 2 2
10 2 3
10 2 4
10 2 5
10 2 6
10 2 7
10 2 8
10 2 9
10 2 10
10 2 11
10 2 12
10 2 13
10 2 14
10 2 15
10 2 16
10 2 17
10 2 18
10 2 19
10 2 20
10 3 1
10 3 2
10 3 3
10 3 4
10 3 5
10 3 6
10 3 7
10 3 8
10 3 9
10 3 10
10 3 11
10 3 12
10 3 13
10 3 14
10 3 15
10 3 16
10 3 17
10 3 18
10 3 19
10 3 20
10 3 21
10 3 22
10 3 23
10 3 24
10 3 25
10 3 26
10 3 27
10 3 28
10 3 29
10 3 30
10 4 1
10 4 2
10 4 3
10 4 4
10 4 5
10 4 6
10 4 7
10 4 8
10 4 9
10 4 10
10 4 11
10 4 12
10 4 13
10 4 14
10 4 15
10 4 16
10 4 17
10 4 18
10 4 19
10 4 20
10 4 21
10 4 22
10 4 23
10 4 24
10 4 25
10 4 26
10 4 27
10 4 28
10 4 29
10 4 30
10 4 31
10 4 32
10 4 33
10 4 34
10 4 35
10 4 36
10 4 37
10 4 38
10 4 39
10 4 40
10 5 1
10 5 2
10 5 3
10 5 4
10 5 5
10 5 6
10 5 7
10 5 8
10 5 9
10 5 10
10 5 11
10 5 12
10 5 13
10 5 14
10 5 15
10 5 16
10 5 17
10 5 18
10 5 19
10 5 20
10 5 21
10 5 22
10 5 23
10 5 24
10 5 25
10 5 26
10 5 27
10 5 28
10 5 29
10 5 30
10 5 31
10 5 32
10 5 33
10 5 34
10 5 35
10 5 36
10 5 37
10 5 38
10 5 39
10 5 40
10 5 41
10 5 42
10 5 43
10 5 44
10 5 45
10 5 46
10 5 47
10 5 48
10 5 49
10 5 50
10 6 1
10 6 2
10 6 3
10 6 4
10 6 5
10 6 6
10 6 7
10 6 8
10 6 9
10 6 10
10 6 11
10 6 12
10 6 13
10 6 14
10 6 15
10 6 16
10 6 17
10 6 18
10 6 19
10 6 20
10 6 21
10 6 22
10 6 23
10 6 24
10 6 25
10 6 26
10 6 27
10 6 28
10 6 29
10 6 30
10 6 31
10 6 32
10 6 33
10 6 34
10 6 35
10 6 36
10 6 37
10 6 38
10 6 39
10 6 40
10 6 41
10 6 42
10 6 43
10 6 44
10 6 45
10 6 46
10 6 47
10 6 48
10 6 49
10 6 50
10 6 51
10 6 52
10 6 53
10 6 54
10 6 55
10 6 56
10 6 57
10 6 58
10 6 59
10 6 60
10 7 1
10 7 2
10 7 3
10 7 4
10 7 5
10 7 6
10 7 7
10 7 8
10 7 9
10 7 10
10 7 11
10 7 12
10 7 13
10 7 14
10 7 15
10 7 16
10 7 17
10 7 18
10 7 19
10 7 20
10 7 21
10 7 22
10 7 23
10 7 24
10 7 25
10 7 26
10 7 27
10 7 28
10 7 29
10 7 30
10 7 31
10 7 32
10 7 33
10 7 34
10 7 35
10 7 36
10 7 37
10 7 38
10 7 39
10 7 40
10 7 41
10 7 42
10 7 43
10 7 44
10 7 45
10 7 46
10 7 47
10 7 48
10 7 49
10 7 50
10 7 51
10 7 52
10 7 53
10 7 54
10 7 55
10 7 56
10 7 57
10 7 58
10 7 59
10 7 60
10 7 61
10 7 62
10 7 63
10 7 64
10 7 65
10 7 66
10 7 67
10 7 68
10 7 69
10 7 70
10 8 1
10 8 2
10 8 3
10 8 4
10 8 5
10 8 6
10 8 7
10 8 8
10 8 9
10 8 10
10 8 11
10 8 12
10 8 13
10 8 14
10 8 15
10 8 16
10 8 17
10 8 18
10 8 19
10 8 20
10 8 21
10 8 22
10 8 23
10 8 24
10 8 25
10 8 26
10 8 27
10 8 28
10 8 29
10 8 30
10 8 31
10 8 32
10 8 33
10 8 34
10 8 35
10 8 36
10 8 37
10 8 38
10 8 39
10 8 40
10 8 41
10 8 42
10 8 43
10 8 44
10 8 45
10 8 46
10 8 47
10 8 48
10 8 49
10 8 50
10 8 51
10 8 52
10 8 53
10 8 54
10 8 55
10 8 56
10 8 57
10 8 58
10 8 59
10 8 60
10 8 61
10 8 62
10 8 63
10 8 64
10 8 65
10 8 66
10 8 67
10 8 68
10 8 69
10 8 70
10 8 71
10 8 72
10 8 73
10 8 74
10 8 75
10 8 76
10 8 77
10 8 78
10 8 79
10 8 80
10 9 1
10 9 2
10 9 3
10 9 4
10 9 5
10 9 6
10 9 7
10 9 8
10 9 9
10 9 10
10 9 11
10 9 12
10 9 13
10 9 14
10 9 15
10 9 16
10 9 17
10 9 18
10 9 19
10 9 20
10 9 21
10 9 22
10 9 23
10 9 24
10 9 25
10 9 26
10 9 27
10 9 28
10 9 29
10 9 30
10 9 31
10 9 32
10 9 33
10 9 34
10 9 35
10 9 36
10 9 37
10 9 38
10 9 39
10 9 40
10 9 41
10 9 42
10 9 43
10 9 44
10 9 45
10 9 46
10 9 47
10 9 48
10 9 49
10 9 50
10 9 51
10 9 52
10 9 53
10 9 54
10 9 55
10 9 56
10 9 57
10 9 58
10 9 59
10 9 60
10 9 61
10 9 62
10 9 63
10 9 64
10 9 65
10 9 66
10 9 67
10 9 68
10 9 69
10 9 70
10 9 71
10 9 72
10 9 73
10 9 74
10 9 75
10 9 76
10 9 77
10 9 78
10 9 79
10 9 80
10 9 81
10 9 82
10 9 83
10 9 84
10 9 85
10 9 86
10 9 87
10 9 88
10 9 89
10 9 90
11 1 1
11 1 2
11 1 3
11 1 4
11 1 5
11 1 6
11 1 7
11 1 8
11 1 9
11 1 10
11 1 11
11 2 1
11 2 2
11 2 3
11 2 4
11 2 5
11 2 6
11 2 7
11 2 8
11 2 9
11 2 10
11 2 11
11 2 12
11 2 13
11 2 14
11 2 15
11 2 16
11 2 17
11 2 18
11 2 19
11 2 20
11 2 21
11 2 22
11 3 1
11 3 2
11 3 3
11 3 4
11 3 5
11 3 6
11 3 7
11 3 8
11 3 9
11 3 10
11 3 11
11 3 12
11 3 13
11 3 14
11 3 15
11 3 16
11 3 17
11 3 18
11 3 19
11 3 20
11 3 21
11 3 22
11 3 23
11 3 24
11 3 25
11 3 26
11 3 27
11 3 28
11 3 29
11 3 30
11 3 31
11 3 32
11 3 33
11 4 1
11 4 2
11 4 3
11 4 4
11 4 5
11 4 6
11 4 7
11 4 8
11 4 9
11 4 10
11 4 11
11 4 12
11 4 13
11 4 14
11 4 15
11 4 16
11 4 17
11 4 18
11 4 19
11 4 20
11 4 21
11 4 22
11 4 23
11 4 24
11 4 25
11 4 26
11 4 27
11 4 28
11 4 29
11 4 30
11 4 31
11 4 32
11 4 33
11 4 34
11 4 35
11 4 36
11 4 37
11 4 38
11 4 39
11 4 40
11 4 41
11 4 42
11 4 43
11 4 44
11 5 1
11 5 2
11 5 3
11 5 4
11 5 5
11 5 6
11 5 7
11 5 8
11 5 9
11 5 10
11 5 11
11 5 12
11 5 13
11 5 14
11 5 15
11 5 16
11 5 17
11 5 18
11 5 19
11 5 20
11 5 21
11 5 22
11 5 23
11 5 24
11 5 25
11 5 26
11 5 27
11 5 28
11 5 29
11 5 30
11 5 31
11 5 32
11 5 33
11 5 34
11 5 35
11 5 36
11 5 37
11 5 38
11 5 39
11 5 40
11 5 41
11 5 42
11 5 43
11 5 44
11 5 45
11 5 46
11 5 47
11 5 48
11 5 49
11 5 50
11 5 51
11 5 52
11 5 53
11 5 54
11 5 55
11 6 1
11 6 2
11 6 3
11 6 4
11 6 5
11 6 6
11 6 7
11 6 8
11 6 9
11 6 10
11 6 11
11 6 12
11 6 13
11 6 14
11 6 15
11 6 16
11 6 17
11 6 18
11 6 19
11 6 20
11 6 21
11 6 22
11 6 23
11 6 24
11 6 25
11 6 26
11 6 27
11 6 28
11 6 29
11 6 30
11 6 31
11 6 32
11 6 33
11 6 34
11 6 35
11 6 36
11 6 37
11 6 38
11 6 39
11 6 40
11 6 41
11 6 42
11 6 43
11 6 44
11 6 45
11 6 46
11 6 47
11 6 48
11 6 49
11 6 50
11 6 51
11 6 52
11 6 53
11 6 54
11 6 55
11 6 56
11 6 57
11 6 58
11 6 59
11 6 60
11 6 61
11 6 62
11 6 63
11 6 64
11 6 65
11 6 66
11 7 1
11 7 2
11 7 3
11 7 4
11 7 5
11 7 6
11 7 7
11 7 8
11 7 9
11 7 10
11 7 11
11 7 12
11 7 13
11 7 14
11 7 15
11 7 16
11 7 17
11 7 18
11 7 19
11 7 20
11 7 21
11 7 22
11 7 23
11 7 24
11 7 25
11 7 26
11 7 27
11 7 28
11 7 29
11 7 30
11 7 31
11 7 32
11 7 33
11 7 34
11 7 35
11 7 36
11 7 37
11 7 38
11 7 39
11 7 40
11 7 41
11 7 42
11 7 43
11 7 44
11 7 45
11 7 46
11 7 47
11 7 48
11 7 49
11 7 50
11 7 51
11 7 52
11 7 53
11 7 54
11 7 55
11 7 56
11 7 57
11 7 58
11 7 59
11 7 60
11 7 61
11 7 62
11 7 63
11 7 64
11 7 65
11 7 66
11 7 67
11 7 68
11 7 69
11 7 70
11 7 71
11 7 72
11 7 73
11 7 74
11 7 75
11 7 76
11 7 77
11 8 1
11 8 2
11 8 3
11 8 4
11 8 5
11 8 6
11 8 7
11 8 8
11 8 9
11 8 10
11 8 11
11 8 12
11 8 13
11 8 14
11 8 15
11 8 16
11 8 17
11 8 18
11 8 19
11 8 20
11 8 21
11 8 22
11 8 23
11 8 24
11 8 25
11 8 26
11 8 27
11 8 28
11 8 29
11 8 30
11 8 31
11 8 32
11 8 33
11 8 34
11 8 35
11 8 36
11 8 37
11 8 38
11 8 39
11 8 40
11 8 41
11 8 42
11 8 43
11 8 44
11 8 45
11 8 46
11 8 47
11 8 48
11 8 49
11 8 50
11 8 51
11 8 52
11 8 53
11 8 54
11 8 55
11 8 56
11 8 57
11 8 58
11 8 59
11 8 60
11 8 61
11 8 62
11 8 63
11 8 64
11 8 65
11 8 66
11 8 67
11 8 68
11 8 69
11 8 70
11 8 71
11 8 72
11 8 73
11 8 74
11 8 75
11 8 76
11 8 77
11 8 78
11 8 79
11 8 80
11 8 81
11 8 82
11 8 83
11 8 84
11 8 85
11 8 86
11 8 87
11 8 88
11 9 1
11 9 2
11 9 3
11 9 4
11 9 5
11 9 6
11 9 7
11 9 8
11 9 9
11 9 10
11 9 11
11 9 12
11 9 13
11 9 14
11 9 15
11 9 16
11 9 17
11 9 18
11 9 19
11 9 20
11 9 21
11 9 22
11 9 23
11 9 24
11 9 25
11 9 26
11 9 27
11 9 28
11 9 29
11 9 30
11 9 31
11 9 32
11 9 33
11 9 34
11 9 35
11 9 36
11 9 37
11 9 38
11 9 39
11 9 40
11 9 41
11 9 42
11 9 43
11 9 44
11 9 45
11 9 46
11 9 47
11 9 48
11 9 49
11 9 50
11 9 51
11 9 52
11 9 53
11 9 54
11 9 55
11 9 56
11 9 57
11 9 58
11 9 59
11 9 60
11 9 61
11 9 62
11 9 63
11 9 64
11 9 65
11 9 66
11 9 67
11 9 68
11 9 69
11 9 70
11 9 71
11 9 72
11 9 73
11 9 74
11 9 75
11 9 76
11 9 77
11 9 78
11 9 79
11 9 80
11 9 81
11 9 82
11 9 83
11 9 84
11 9 85
11 9 86
11 9 87
11 9 88
11 9 89
11 9 90
11 9 91
11 9 92
11 9 93
11 9 94
11 9 95
11 9 96
11 9 97
11 9 98
11 9 99
12 1 1
12 1 2
12 1 3
12 1 4
12 1 5
12 1 6
12 1 7
12 1 8
12 1 9
12 1 10
12 1 11
12 1 12
12 2 1
12 2 2
12 2 3
12 2 4
12 2 5
12 2 6
12 2 7
12 2 8
12 2 9
12 2 10
12 2 11
12 2 12
12 2 13
12 2 14
12 2 15
12 2 16
12 2 17
12 2 18
12 2 19
12 2 20
12 2 21
12 2 22
12 2 23
12 2 24
12 3 1
12 3 2
12 3 3
12 3 4
12 3 5
12 3 6
12 3 7
12 3 8
12 3 9
12 3 10
12 3 11
12 3 12
12 3 13
12 3 14
12 3 15
12 3 16
12 3 17
12 3 18
12 3 19
12 3 20
12 3 21
12 3 22
12 3 23
12 3 24
12 3 25
12 3 26
12 3 27
12 3 28
12 3 29
12 3 30
12 3 31
12 3 32
12 3 33
12 3 34
12 3 35
12 3 36
12 4 1
12 4 2
12 4 3
12 4 4
12 4 5
12 4 6
12 4 7
12 4 8
12 4 9
12 4 10
12 4 11
12 4 12
12 4 13
12 4 14
12 4 15
12 4 16
12 4 17
12 4 18
12 4 19
12 4 20
12 4 21
12 4 22
12 4 23
12 4 24
12 4 25
12 4 26
12 4 27
12 4 28
12 4 29
12 4 30
12 4 31
12 4 32
12 4 33
12 4 34
12 4 35
12 4 36
12 4 37
12 4 38
12 4 39
12 4 40
12 4 41
12 4 42
12 4 43
12 4 44
12 4 45
12 4 46
12 4 47
12 4 48
12 5 1
12 5 2
12 5 3
12 5 4
12 5 5
12 5 6
12 5 7
12 5 8
12 5 9
12 5 10
12 5 11
12 5 12
12 5 13
12 5 14
12 5 15
12 5 16
12 5 17
12 5 18
12 5 19
12 5 20
12 5 21
12 5 22
12 5 23
12 5 24
12 5 25
12 5 26
12 5 27
12 5 28
12 5 29
12 5 30
12 5 31
12 5 32
12 5 33
12 5 34
12 5 35
12 5 36
12 5 37
12 5 38
12 5 39
12 5 40
12 5 41
12 5 42
12 5 43
12 5 44
12 5 45
12 5 46
12 5 47
12 5 48
12 5 49
12 5 50
12 5 51
12 5 52
12 5 53
12 5 54
12 5 55
12 5 56
12 5 57
12 5 58
12 5 59
12 5 60
12 6 1
12 6 2
12 6 3
12 6 4
12 6 5
12 6 6
12 6 7
12 6 8
12 6 9
12 6 10
12 6 11
12 6 12
12 6 13
12 6 14
12 6 15
12 6 16
12 6 17
12 6 18
12 6 19
12 6 20
12 6 21
12 6 22
12 6 23
12 6 24
12 6 25
12 6 26
12 6 27
12 6 28
12 6 29
12 6 30
12 6 31
12 6 32
12 6 33
12 6 34
12 6 35
12 6 36
12 6 37
12 6 38
12 6 39
12 6 40
12 6 41
12 6 42
12 6 43
12 6 44
12 6 45
12 6 46
12 6 47
12 6 48
12 6 49
12 6 50
12 6 51
12 6 52
12 6 53
12 6 54
12 6 55
12 6 56
12 6 57
12 6 58
12 6 59
12 6 60
12 6 61
12 6 62
12 6 63
12 6 64
12 6 65
12 6 66
12 6 67
12 6 68
12 6 69
12 6 70
12 6 71
12 6 72
12 7 1
12 7 2
12 7 3
12 7 4
12 7 5
12 7 6
12 7 7
12 7 8
12 7 9
12 7 10
12 7 11
12 7 12
12 7 13
12 7 14
12 7 15
12 7 16
12 7 17
12 7 18
12 7 19
12 7 20
12 7 21
12 7 22
12 7 23
12 7 24
12 7 25
12 7 26
12 7 27
12 7 28
12 7 29
12 7 30
12 7 31
12 7 32
12 7 33
12 7 34
12 7 35
12 7 36
12 7 37
12 7 38
12 7 39
12 7 40
12 7 41
12 7 42
12 7 43
12 7 44
12 7 45
12 7 46
12 7 47
12 7 48
12 7 49
12 7 50
12 7 51
12 7 52
12 7 53
12 7 54
12 7 55
12 7 56
12 7 57
12 7 58
12 7 59
12 7 60
12 7 61
12 7 62
12 7 63
12 7 64
12 7 65
12 7 66
12 7 67
12 7 68
12 7 69
12 7 70
12 7 71
12 7 72
12 7 73
12 7 74
12 7 75
12 7 76
12 7 77
12 7 78
12 7 79
12 7 80
12 7 81
12 7 82
12 7 83
12 7 84
12 8 1
12 8 2
12 8 3
12 8 4
12 8 5
12 8 6
12 8 7
12 8 8
12 8 9
12 8 10
12 8 11
12 8 12
12 8 13
12 8 14
12 8 15
12 8 16
12 8 17
12 8 18
12 8 19
12 8 20
12 8 21
12 8 22
12 8 23
12 8 24
12 8 25
12 8 26
12 8 27
12 8 28
12 8 29
12 8 30
12 8 31
12 8 32
12 8 33
12 8 34
12 8 35
12 8 36
12 8 37
12 8 38
12 8 39
12 8 40
12 8 41
12 8 42
12 8 43
12 8 44
12 8 45
12 8 46
12 8 47
12 8 48
12 8 49
12 8 50
12 8 51
12 8 52
12 8 53
12 8 54
12 8 55
12 8 56
12 8 57
12 8 58
12 8 59
12 8 60
12 8 61
12 8 62
12 8 63
12 8 64
12 8 65
12 8 66
12 8 67
12 8 68
12 8 69
12 8 70
12 8 71
12 8 72
12 8 73
12 8 74
12 8 75
12 8 76
12 8 77
12 8 78
12 8 79
12 8 80
12 8 81
12 8 82
12 8 83
12 8 84
12 8 85
12 8 86
12 8 87
12 8 88
12 8 89
12 8 90
12 8 91
12 8 92
12 8 93
12 8 94
12 8 95
12 8 96
12 9 1
12 9 2
12 9 3
12 9 4
12 9 5
12 9 6
12 9 7
12 9 8
12 9 9
12 9 10
12 9 11
12 9 12
12 9 13
12 9 14
12 9 15
12 9 16
12 9 17
12 9 18
12 9 19
12 9 20
12 9 21
12 9 22
12 9 23
12 9 24
12 9 25
12 9 26
12 9 27
12 9 28
12 9 29
12 9 30
12 9 31
12 9 32
12 9 33
12 9 34
12 9 35
12 9 36
12 9 37
12 9 38
12 9 39
12 9 40
12 9 41
12 9 42
12 9 43
12 9 44
12 9 45
12 9 46
12 9 47
12 9 48
12 9 49
12 9 50
12 9 51
12 9 52
12 9 53
12 9 54
12 9 55
12 9 56
12 9 57
12 9 58
12 9 59
12 9 60
12 9 61
12 9 62
12 9 63
12 9 64
12 9 65
12 9 66
12 9 67
12 9 68
12 9 69
12 9 70
12 9 71
12 9 72
12 9 73
12 9 74
12 9 75
12 9 76
12 9 77
12 9 78
12 9 79
12 9 80
12 9 81
12 9 82
12 9 83
12 9 84
12 9 85
12 9 86
12 9 87
12 9 88
12 9 89
12 9 90
12 9 91
12 9 92
12 9 93
12 9 94
12 9 95
12 9 96
12 9 97
12 9 98
12 9 99
12 9 100
12 9 101
12 9 102
12 9 103
12 9 104
12 9 105
12 9 106
12 9 107
12 9 108
13 1 1
13 1 2
13 1 3
13 1 4
13 1 5
13 1 6
13 1 7
13 1 8
13 1 9
13 1 10
13 1 11
13 1 12
13 1 13
13 2 1
13 2 2
13 2 3
13 2 4
13 2 5
13 2 6
13 2 7
13 2 8
13 2 9
13 2 10
13 2 11
13 2 12
13 2 13
13 2 14
13 2 15
13 2 16
13 2 17
13 2 18
13 2 19
13 2 20
13 2 21
13 2 22
13 2 23
13 2 24
13 2 25
13 2 26
13 3 1
13 3 2
13 3 3
13 3 4
13 3 5
13 3 6
13 3 7
13 3 8
13 3 9
13 3 10
13 3 11
13 3 12
13 3 13
13 3 14
13 3 15
13 3 16
13 3 17
13 3 18
13 3 19
13 3 20
13 3 21
13 3 22
13 3 23
13 3 24
13 3 25
13 3 26
13 3 27
13 3 28
13 3 29
13 3 30
13 3 31
13 3 32
13 3 33
13 3 34
13 3 35
13 3 36
13 3 37
13 3 38
13 3 39
13 4 1
13 4 2
13 4 3
13 4 4
13 4 5
13 4 6
13 4 7
13 4 8
13 4 9
13 4 10
13 4 11
13 4 12
13 4 13
13 4 14
13 4 15
13 4 16
13 4 17
13 4 18
13 4 19
13 4 20
13 4 21
13 4 22
13 4 23
13 4 24
13 4 25
13 4 26
13 4 27
13 4 28
13 4 29
13 4 30
13 4 31
13 4 32
13 4 33
13 4 34
13 4 35
13 4 36
13 4 37
13 4 38
13 4 39
13 4 40
13 4 41
13 4 42
13 4 43
13 4 44
13 4 45
13 4 46
13 4 47
13 4 48
13 4 49
13 4 50
13 4 51
13 4 52
13 5 1
13 5 2
13 5 3
13 5 4
13 5 5
13 5 6
13 5 7
13 5 8
13 5 9
13 5 10
13 5 11
13 5 12
13 5 13
13 5 14
13 5 15
13 5 16
13 5 17
13 5 18
13 5 19
13 5 20
13 5 21
13 5 22
13 5 23
13 5 24
13 5 25
13 5 26
13 5 27
13 5 28
13 5 29
13 5 30
13 5 31
13 5 32
13 5 33
13 5 34
13 5 35
13 5 36
13 5 37
13 5 38
13 5 39
13 5 40
13 5 41
13 5 42
13 5 43
13 5 44
13 5 45
13 5 46
13 5 47
13 5 48
13 5 49
13 5 50
13 5 51
13 5 52
13 5 53
13 5 54
13 5 55
13 5 56
13 5 57
13 5 58
13 5 59
13 5 60
13 5 61
13 5 62
13 5 63
13 5 64
13 5 65
13 6 1
13 6 2
13 6 3
13 6 4
13 6 5
13 6 6
13 6 7
13 6 8
13 6 9
13 6 10
13 6 11
13 6 12
13 6 13
13 6 14
13 6 15
13 6 16
13 6 17
13 6 18
13 6 19
13 6 20
13 6 21
13 6 22
13 6 23
13 6 24
13 6 25
13 6 26
13 6 27
13 6 28
13 6 29
13 6 30
13 6 31
13 6 32
13 6 33
13 6 34
13 6 35
13 6 36
13 6 37
13 6 38
13 6 39
13 6 40
13 6 41
13 6 42
13 6 43
13 6 44
13 6 45
13 6 46
13 6 47
13 6 48
13 6 49
13 6 50
13 6 51
13 6 52
13 6 53
13 6 54
13 6 55
13 6 56
13 6 57
13 6 58
13 6 59
13 6 60
13 6 61
13 6 62
13 6 63
13 6 64
13 6 65
13 6 66
13 6 67
13 6 68
13 6 69
13 6 70
13 6 71
13 6 72
13 6 73
13 6 74
13 6 75
13 6 76
13 6 77
13 6 78
13 7 1
13 7 2
13 7 3
13 7 4
13 7 5
13 7 6
13 7 7
13 7 8
13 7 9
13 7 10
13 7 11
13 7 12
13 7 13
13 7 14
13 7 15
13 7 16
13 7 17
13 7 18
13 7 19
13 7 20
13 7 21
13 7 22
13 7 23
13 7 24
13 7 25
13 7 26
13 7 27
13 7 28
13 7 29
13 7 30
13 7 31
13 7 32
13 7 33
13 7 34
13 7 35
13 7 36
13 7 37
13 7 38
13 7 39
13 7 40
13 7 41
13 7 42
13 7 43
13 7 44
13 7 45
13 7 46
13 7 47
13 7 48
13 7 49
13 7 50
13 7 51
13 7 52
13 7 53
13 7 54
13 7 55
13 7 56
13 7 57
13 7 58
13 7 59
13 7 60
13 7 61
13 7 62
13 7 63
13 7 64
13 7 65
13 7 66
13 7 67
13 7 68
13 7 69
13 7 70
13 7 71
13 7 72
13 7 73
13 7 74
13 7 75
13 7 76
13 7 77
13 7 78
13 7 79
13 7 80
13 7 81
13 7 82
13 7 83
13 7 84
13 7 85
13 7 86
13 7 87
13 7 88
13 7 89
13 7 90
13 7 91
13 8 1
13 8 2
13 8 3
13 8 4
13 8 5
13 8 6
13 8 7
13 8 8
13 8 9
13 8 10
13 8 11
13 8 12
13 8 13
13 8 14
13 8 15
13 8 16
13 8 17
13 8 18
13 8 19
13 8 20
13 8 21
13 8 22
13 8 23
13 8 24
13 8 25
13 8 26
13 8 27
13 8 28
13 8 29
13 8 30
13 8 31
13 8 32
13 8 33
13 8 34
13 8 35
13 8 36
13 8 37
13 8 38
13 8 39
13 8 40
13 8 41
13 8 42
13 8 43
13 8 44
13 8 45
13 8 46
13 8 47
13 8 48
13 8 49
13 8 50
13 8 51
13 8 52
13 8 53
13 8 54
13 8 55
13 8 56
13 8 57
13 8 58
13 8 59
13 8 60
13 8 61
13 8 62
13 8 63
13 8 64
13 8 65
13 8 66
13 8 67
13 8 68
13 8 69
13 8 70
13 8 71
13 8 72
13 8 73
13 8 74
13 8 75
13 8 76
13 8 77
13 8 78
13 8 79
13 8 80
13 8 81
13 8 82
13 8 83
13 8 84
13 8 85
13 8 86
13 8 87
13 8 88
13 8 89
13 8 90
13 8 91
13 8 92
13 8 93
13 8 94
13 8 95
13 8 96
13 8 97
13 8 98
13 8 99
13 8 100
13 8 101
13 8 102
13 8 103
13 8 104
13 9 1
13 9 2
13 9 3
13 9 4
13 9 5
13 9 6
13 9 7
13 9 8
13 9 9
13 9 10
13 9 11
13 9 12
13 9 13
13 9 14
13 9 15
13 9 16
13 9 17
13 9 18
13 9 19
13 9 20
13 9 21
13 9 22
13 9 23
13 9 24
13 9 25
13 9 26
13 9 27
13 9 28
13 9 29
13 9 30
13 9 31
13 9 32
13 9 33
13 9 34
13 9 35
13 9 36
13 9 37
13 9 38
13 9 39
13 9 40
13 9 41
13 9 42
13 9 43
13 9 44
13 9 45
13 9 46
13 9 47
13 9 48
13 9 49
13 9 50
13 9 51
13 9 52
13 9 53
13 9 54
13 9 55
13 9 56
13 9 57
13 9 58
13 9 59
13 9 60
13 9 61
13 9 62
13 9 63
13 9 64
13 9 65
13 9 66
13 9 67
13 9 68
13 9 69
13 9 70
13 9 71
13 9 72
13 9 73
13 9 74
13 9 75
13 9 76
13 9 77
13 9 78
13 9 79
13 9 80
13 9 81
13 9 82
13 9 83
13 9 84
13 9 85
13 9 86
13 9 87
13 9 88
13 9 89
13 9 90
13 9 91
13 9 92
13 9 93
13 9 94
13 9 95
13 9 96
13 9 97
13 9 98
13 9 99
13 9 100
13 9 101
13 9 102
13 9 103
13 9 104
13 9 105
13 9 106
13 9 107
13 9 108
13 9 109
13 9 110
13 9 111
13 9 112
13 9 113
13 9 114
13 9 115
13 9 116
13 9 117
14 1 1
14 1 2
14 1 3
14 1 4
14 1 5
14 1 6
14 1 7
14 1 8
14 1 9
14 1 10
14 1 11
14 1 12
14 1 13
14 1 14
14 2 1
14 2 2
14 2 3
14 2 4
14 2 5
14 2 6
14 2 7
14 2 8
14 2 9
14 2 10
14 2 11
14 2 12
14 2 13
14 2 14
14 2 15
14 2 16
14 2 17
14 2 18
14 2 19
14 2 20
14 2 21
14 2 22
14 2 23
14 2 24
14 2 25
14 2 26
14 2 27
14 2 28
14 3 1
14 3 2
14 3 3
14 3 4
14 3 5
14 3 6
14 3 7
14 3 8
14 3 9
14 3 10
14 3 11
14 3 12
14 3 13
14 3 14
14 3 15
14 3 16
14 3 17
14 3 18
14 3 19
14 3 20
14 3 21
14 3 22
14 3 23
14 3 24
14 3 25
14 3 26
14 3 27
14 3 28
14 3 29
14 3 30
14 3 31
14 3 32
14 3 33
14 3 34
14 3 35
14 3 36
14 3 37
14 3 38
14 3 39
14 3 40
14 3 41
14 3 42
14 4 1
14 4 2
14 4 3
14 4 4
14 4 5
14 4 6
14 4 7
14 4 8
14 4 9
14 4 10
14 4 11
14 4 12
14 4 13
14 4 14
14 4 15
14 4 16
14 4 17
14 4 18
14 4 19
14 4 20
14 4 21
14 4 22
14 4 23
14 4 24
14 4 25
14 4 26
14 4 27
14 4 28
14 4 29
14 4 30
14 4 31
14 4 32
14 4 33
14 4 34
14 4 35
14 4 36
14 4 37
14 4 38
14 4 39
14 4 40
14 4 41
14 4 42
14 4 43
14 4 44
14 4 45
14 4 46
14 4 47
14 4 48
14 4 49
14 4 50
14 4 51
14 4 52
14 4 53
14 4 54
14 4 55
14 4 56
14 5 1
14 5 2
14 5 3
14 5 4
14 5 5
14 5 6
14 5 7
14 5 8
14 5 9
14 5 10
14 5 11
14 5 12
14 5 13
14 5 14
14 5 15
14 5 16
14 5 17
14 5 18
14 5 19
14 5 20
14 5 21
14 5 22
14 5 23
14 5 24
14 5 25
14 5 26
14 5 27
14 5 28
14 5 29
14 5 30
14 5 31
14 5 32
14 5 33
14 5 34
14 5 35
14 5 36
14 5 37
14 5 38
14 5 39
14 5 40
14 5 41
14 5 42
14 5 43
14 5 44
14 5 45
14 5 46
14 5 47
14 5 48
14 5 49
14 5 50
14 5 51
14 5 52
14 5 53
14 5 54
14 5 55
14 5 56
14 5 57
14 5 58
14 5 59
14 5 60
14 5 61
14 5 62
14 5 63
14 5 64
14 5 65
14 5 66
14 5 67
14 5 68
14 5 69
14 5 70
14 6 1
14 6 2
14 6 3
14 6 4
14 6 5
14 6 6
14 6 7
14 6 8
14 6 9
14 6 10
14 6 11
14 6 12
14 6 13
14 6 14
14 6 15
14 6 16
14 6 17
14 6 18
14 6 19
14 6 20
14 6 21
14 6 22
14 6 23
14 6 24
14 6 25
14 6 26
14 6 27
14 6 28
14 6 29
14 6 30
14 6 31
14 6 32
14 6 33
14 6 34
14 6 35
14 6 36
14 6 37
14 6 38
14 6 39
14 6 40
14 6 41
14 6 42
14 6 43
14 6 44
14 6 45
14 6 46
14 6 47
14 6 48
14 6 49
14 6 50
14 6 51
14 6 52
14 6 53
14 6 54
14 6 55
14 6 56
14 6 57
14 6 58
14 6 59
14 6 60
14 6 61
14 6 62
14 6 63
14 6 64
14 6 65
14 6 66
14 6 67
14 6 68
14 6 69
14 6 70
14 6 71
14 6 72
14 6 73
14 6 74
14 6 75
14 6 76
14 6 77
14 6 78
14 6 79
14 6 80
14 6 81
14 6 82
14 6 83
14 6 84
14 7 1
14 7 2
14 7 3
14 7 4
14 7 5
14 7 6
14 7 7
14 7 8
14 7 9
14 7 10
14 7 11
14 7 12
14 7 13
14 7 14
14 7 15
14 7 16
14 7 17
14 7 18
14 7 19
14 7 20
14 7 21
14 7 22
14 7 23
14 7 24
14 7 25
14 7 26
14 7 27
14 7 28
14 7 29
14 7 30
14 7 31
14 7 32
14 7 33
14 7 34
14 7 35
14 7 36
14 7 37
14 7 38
14 7 39
14 7 40
14 7 41
14 7 42
14 7 43
14 7 44
14 7 45
14 7 46
14 7 47
14 7 48
14 7 49
14 7 50
14 7 51
14 7 52
14 7 53
14 7 54
14 7 55
14 7 56
14 7 57
14 7 58
14 7 59
14 7 60
14 7 61
14 7 62
14 7 63
14 7 64
14 7 65
14 7 66
14 7 67
14 7 68
14 7 69
14 7 70
14 7 71
14 7 72
14 7 73
14 7 74
14 7 75
14 7 76
14 7 77
14 7 78
14 7 79
14 7 80
14 7 81
14 7 82
14 7 83
14 7 84
14 7 85
14 7 86
14 7 87
14 7 88
14 7 89
14 7 90
14 7 91
14 7 92
14 7 93
14 7 94
14 7 95
14 7 96
14 7 97
14 7 98
14 8 1
14 8 2
14 8 3
14 8 4
14 8 5
14 8 6
14 8 7
14 8 8
14 8 9
14 8 10
14 8 11
14 8 12
14 8 13
14 8 14
14 8 15
14 8 16
14 8 17
14 8 18
14 8 19
14 8 20
14 8 21
14 8 22
14 8 23
14 8 24
14 8 25
14 8 26
14 8 27
14 8 28
14 8 29
14 8 30
14 8 31
14 8 32
14 8 33
14 8 34
14 8 35
14 8 36
14 8 37
14 8 38
14 8 39
14 8 40
14 8 41
14 8 42
14 8 43
14 8 44
14 8 45
14 8 46
14 8 47
14 8 48
14 8 49
14 8 50
14 8 51
14 8 52
14 8 53
14 8 54
14 8 55
14 8 56
14 8 57
14 8 58
14 8 59
14 8 60
14 8 61
14 8 62
14 8 63
14 8 64
14 8 65
14 8 66
14 8 67
14 8 68
14 8 69
14 8 70
14 8 71
14 8 72
14 8 73
14 8 74
14 8 75
14 8 76
14 8 77
14 8 78
14 8 79
14 8 80
14 8 81
14 8 82
14 8 83
14 8 84
14 8 85
14 8 86
14 8 87
14 8 88
14 8 89
14 8 90
14 8 91
14 8 92
14 8 93
14 8 94
14 8 95
14 8 96
14 8 97
14 8 98
14 8 99
14 8 100
14 8 101
14 8 102
14 8 103
14 8 104
14 8 105
14 8 106
14 8 107
14 8 108
14 8 109
14 8 110
14 8 111
14 8 112
14 9 1
14 9 2
14 9 3
14 9 4
14 9 5
14 9 6
14 9 7
14 9 8
14 9 9
14 9 10
14 9 11
14 9 12
14 9 13
14 9 14
14 9 15
14 9 16
14 9 17
14 9 18
14 9 19
14 9 20
14 9 21
14 9 22
14 9 23
14 9 24
14 9 25
14 9 26
14 9 27
14 9 28
14 9 29
14 9 30
14 9 31
14 9 32
14 9 33
14 9 34
14 9 35
14 9 36
14 9 37
14 9 38
14 9 39
14 9 40
14 9 41
14 9 42
14 9 43
14 9 44
14 9 45
14 9 46
14 9 47
14 9 48
14 9 49
14 9 50
14 9 51
14 9 52
14 9 53
14 9 54
14 9 55
14 9 56
14 9 57
14 9 58
14 9 59
14 9 60
14 9 61
14 9 62
14 9 63
14 9 64
14 9 65
14 9 66
14 9 67
14 9 68
14 9 69
14 9 70
14 9 71
14 9 72
14 9 73
14 9 74
14 9 75
14 9 76
14 9 77
14 9 78
14 9 79
14 9 80
14 9 81
14 9 82
14 9 83
14 9 84
14 9 85
14 9 86
14 9 87
14 9 88
14 9 89
14 9 90
14 9 91
14 9 92
14 9 93
14 9 94
14 9 95
14 9 96
14 9 97
14 9 98
14 9 99
14 9 100
14 9 101
14 9 102
14 9 103
14 9 104
14 9 105
14 9 106
14 9 107
14 9 108
14 9 109
14 9 110
14 9 111
14 9 112
14 9 113
14 9 114
14 9 115
14 9 116
14 9 117
14 9 118
14 9 119
14 9 120
14 9 121
14 9 122
14 9 123
14 9 124
14 9 125
14 9 126
15 1 1
15 1 2
15 1 3
15 1 4
15 1 5
15 1 6
15 1 7
15 1 8
15 1 9
15 1 10
15 1 11
15 1 12
15 1 13
15 1 14
15 1 15
15 2 1
15 2 2
15 2 3
15 2 4
15 2 5
15 2 6
15 2 7
15 2 8
15 2 9
15 2 10
15 2 11
15 2 12
15 2 13
15 2 14
15 2 15
15 2 16
15 2 17
15 2 18
15 2 19
15 2 20
15 2 21
15 2 22
15 2 23
15 2 24
15 2 25
15 2 26
15 2 27
15 2 28
15 2 29
15 2 30
15 3 1
15 3 2
15 3 3
15 3 4
15 3 5
15 3 6
15 3 7
15 3 8
15 3 9
15 3 10
15 3 11
15 3 12
15 3 13
15 3 14
15 3 15
15 3 16
15 3 17
15 3 18
15 3 19
15 3 20
15 3 21
15 3 22
15 3 23
15 3 24
15 3 25
15 3 26
15 3 27
15 3 28
15 3 29
15 3 30
15 3 31
15 3 32
15 3 33
15 3 34
15 3 35
15 3 36
15 3 37
15 3 38
15 3 39
15 3 40
15 3 41
15 3 42
15 3 43
15 3 44
15 3 45
15 4 1
15 4 2
15 4 3
15 4 4
15 4 5
15 4 6
15 4 7
15 4 8
15 4 9
15 4 10
15 4 11
15 4 12
15 4 13
15 4 14
15 4 15
15 4 16
15 4 17
15 4 18
15 4 19
15 4 20
15 4 21
15 4 22
15 4 23
15 4 24
15 4 25
15 4 26
15 4 27
15 4 28
15 4 29
15 4 30
15 4 31
15 4 32
15 4 33
15 4 34
15 4 35
15 4 36
15 4 37
15 4 38
15 4 39
15 4 40
15 4 41
15 4 42
15 4 43
15 4 44
15 4 45
15 4 46
15 4 47
15 4 48
15 4 49
15 4 50
15 4 51
15 4 52
15 4 53
15 4 54
15 4 55
15 4 56
15 4 57
15 4 58
15 4 59
15 4 60
15 5 1
15 5 2
15 5 3
15 5 4
15 5 5
15 5 6
15 5 7
15 5 8
15 5 9
15 5 10
15 5 11
15 5 12
15 5 13
15 5 14
15 5 15
15 5 16
15 5 17
15 5 18
15 5 19
15 5 20
15 5 21
15 5 22
15 5 23
15 5 24
15 5 25
15 5 26
15 5 27
15 5 28
15 5 29
15 5 30
15 5 31
15 5 32
15 5 33
15 5 34
15 5 35
15 5 36
15 5 37
15 5 38
15 5 39
15 5 40
15 5 41
15 5 42
15 5 43
15 5 44
15 5 45
15 5 46
15 5 47
15 5 48
15 5 49
15 5 50
15 5 51
15 5 52
15 5 53
15 5 54
15 5 55
15 5 56
15 5 57
15 5 58
15 5 59
15 5 60
15 5 61
15 5 62
15 5 63
15 5 64
15 5 65
15 5 66
15 5 67
15 5 68
15 5 69
15 5 70
15 5 71
15 5 72
15 5 73
15 5 74
15 5 75
15 6 1
15 6 2
15 6 3
15 6 4
15 6 5
15 6 6
15 6 7
15 6 8
15 6 9
15 6 10
15 6 11
15 6 12
15 6 13
15 6 14
15 6 15
15 6 16
15 6 17
15 6 18
15 6 19
15 6 20
15 6 21
15 6 22
15 6 23
15 6 24
15 6 25
15 6 26
15 6 27
15 6 28
15 6 29
15 6 30
15 6 31
15 6 32
15 6 33
15 6 34
15 6 35
15 6 36
15 6 37
15 6 38
15 6 39
15 6 40
15 6 41
15 6 42
15 6 43
15 6 44
15 6 45
15 6 46
15 6 47
15 6 48
15 6 49
15 6 50
15 6 51
15 6 52
15 6 53
15 6 54
15 6 55
15 6 56
15 6 57
15 6 58
15 6 59
15 6 60
15 6 61
15 6 62
15 6 63
15 6 64
15 6 65
15 6 66
15 6 67
15 6 68
15 6 69
15 6 70
15 6 71
15 6 72
15 6 73
15 6 74
15 6 75
15 6 76
15 6 77
15 6 78
15 6 79
15 6 80
15 6 81
15 6 82
15 6 83
15 6 84
15 6 85
15 6 86
15 6 87
15 6 88
15 6 89
15 6 90
15 7 1
15 7 2
15 7 3
15 7 4
15 7 5
15 7 6
15 7 7
15 7 8
15 7 9
15 7 10
15 7 11
15 7 12
15 7 13
15 7 14
15 7 15
15 7 16
15 7 17
15 7 18
15 7 19
15 7 20
15 7 21
15 7 22
15 7 23
15 7 24
15 7 25
15 7 26
15 7 27
15 7 28
15 7 29
15 7 30
15 7 31
15 7 32
15 7 33
15 7 34
15 7 35
15 7 36
15 7 37
15 7 38
15 7 39
15 7 40
15 7 41
15 7 42
15 7 43
15 7 44
15 7 45
15 7 46
15 7 47
15 7 48
15 7 49
15 7 50
15 7 51
15 7 52
15 7 53
15 7 54
15 7 55
15 7 56
15 7 57
15 7 58
15 7 59
15 7 60
15 7 61
15 7 62
15 7 63
15 7 64
15 7 65
15 7 66
15 7 67
15 7 68
15 7 69
15 7 70
15 7 71
15 7 72
15 7 73
15 7 74
15 7 75
15 7 76
15 7 77
15 7 78
15 7 79
15 7 80
15 7 81
15 7 82
15 7 83
15 7 84
15 7 85
15 7 86
15 7 87
15 7 88
15 7 89
15 7 90
15 7 91
15 7 92
15 7 93
15 7 94
15 7 95
15 7 96
15 7 97
15 7 98
15 7 99
15 7 100
15 7 101
15 7 102
15 7 103
15 7 104
15 7 105
15 8 1
15 8 2
15 8 3
15 8 4
15 8 5
15 8 6
15 8 7
15 8 8
15 8 9
15 8 10
15 8 11
15 8 12
15 8 13
15 8 14
15 8 15
15 8 16
15 8 17
15 8 18
15 8 19
15 8 20
15 8 21
15 8 22
15 8 23
15 8 24
15 8 25
15 8 26
15 8 27
15 8 28
15 8 29
15 8 30
15 8 31
15 8 32
15 8 33
15 8 34
15 8 35
15 8 36
15 8 37
15 8 38
15 8 39
15 8 40
15 8 41
15 8 42
15 8 43
15 8 44
15 8 45
15 8 46
15 8 47
15 8 48
15 8 49
15 8 50
15 8 51
15 8 52
15 8 53
15 8 54
15 8 55
15 8 56
15 8 57
15 8 58
15 8 59
15 8 60
15 8 61
15 8 62
15 8 63
15 8 64
15 8 65
15 8 66
15 8 67
15 8 68
15 8 69
15 8 70
15 8 71
15 8 72
15 8 73
15 8 74
15 8 75
15 8 76
15 8 77
15 8 78
15 8 79
15 8 80
15 8 81
15 8 82
15 8 83
15 8 84
15 8 85
15 8 86
15 8 87
15 8 88
15 8 89
15 8 90
15 8 91
15 8 92
15 8 93
15 8 94
15 8 95
15 8 96
15 8 97
15 8 98
15 8 99
15 8 100
15 8 101
15 8 102
15 8 103
15 8 104
15 8 105
15 8 106
15 8 107
15 8 108
15 8 109
15 8 110
15 8 111
15 8 112
15 8 113
15 8 114
15 8 115
15 8 116
15 8 117
15 8 118
15 8 119
15 8 120
15 9 1
15 9 2
15 9 3
15 9 4
15 9 5
15 9 6
15 9 7
15 9 8
15 9 9
15 9 10
15 9 11
15 9 12
15 9 13
15 9 14
15 9 15
15 9 16
15 9 17
15 9 18
15 9 19
15 9 20
15 9 21
15 9 22
15 9 23
15 9 24
15 9 25
15 9 26
15 9 27
15 9 28
15 9 29
15 9 30
15 9 31
15 9 32
15 9 33
15 9 34
15 9 35
15 9 36
15 9 37
15 9 38
15 9 39
15 9 40
15 9 41
15 9 42
15 9 43
15 9 44
15 9 45
15 9 46
15 9 47
15 9 48
15 9 49
15 9 50
15 9 51
15 9 52
15 9 53
15 9 54
15 9 55
15 9 56
15 9 57
15 9 58
15 9 59
15 9 60
15 9 61
15 9 62
15 9 63
15 9 64
15 9 65
15 9 66
15 9 67
15 9 68
15 9 69
15 9 70
15 9 71
15 9 72
15 9 73
15 9 74
15 9 75
15 9 76
15 9 77
15 9 78
15 9 79
15 9 80
15 9 81
15 9 82
15 9 83
15 9 84
15 9 85
15 9 86
15 9 87
15 9 88
15 9 89
15 9 90
15 9 91
15 9 92
15 9 93
15 9 94
15 9 95
15 9 96
15 9 97
15 9 98
15 9 99
15 9 100
15 9 101
15 9 102
15 9 103
15 9 104
15 9 105
15 9 106
15 9 107
15 9 108
15 9 109
15 9 110
15 9 111
15 9 112
15 9 113
15 9 114
15 9 115
15 9 116
15 9 117
15 9 118
15 9 119
15 9 120
15 9 121
15 9 122
15 9 123
15 9 124
15 9 125
15 9 126
15 9 127
15 9 128
15 9 129
15 9 130
15 9 131
15 9 132
15 9 133
15 9 134
15 9 135
16 1 1
16 1 2
16 1 3
16 1 4
16 1 5
16 1 6
16 1 7
16 1 8
16 1 9
16 1 10
16 1 11
16 1 12
16 1 13
16 1 14
16 1 15
16 1 16
16 2 1
16 2 2
16 2 3
16 2 4
16 2 5
16 2 6
16 2 7
16 2 8
16 2 9
16 2 10
16 2 11
16 2 12
16 2 13
16 2 14
16 2 15
16 2 16
16 2 17
16 2 18
16 2 19
16 2 20
16 2 21
16 2 22
16 2 23
16 2 24
16 2 25
16 2 26
16 2 27
16 2 28
16 2 29
16 2 30
16 2 31
16 2 32
16 3 1
16 3 2
16 3 3
16 3 4
16 3 5
16 3 6
16 3 7
16 3 8
16 3 9
16 3 10
16 3 11
16 3 12
16 3 13
16 3 14
16 3 15
16 3 16
16 3 17
16 3 18
16 3 19
16 3 20
16 3 21
16 3 22
16 3 23
16 3 24
16 3 25
16 3 26
16 3 27
16 3 28
16 3 29
16 3 30
16 3 31
16 3 32
16 3 33
16 3 34
16 3 35
16 3 36
16 3 37
16 3 38
16 3 39
16 3 40
16 3 41
16 3 42
16 3 43
16 3 44
16 3 45
16 3 46
16 3 47
16 3 48
16 4 1
16 4 2
16 4 3
16 4 4
16 4 5
16 4 6
16 4 7
16 4 8
16 4 9
16 4 10
16 4 11
16 4 12
16 4 13
16 4 14
16 4 15
16 4 16
16 4 17
16 4 18
16 4 19
16 4 20
16 4 21
16 4 22
16 4 23
16 4 24
16 4 25
16 4 26
16 4 27
16 4 28
16 4 29
16 4 30
16 4 31
16 4 32
16 4 33
16 4 34
16 4 35
16 4 36
16 4 37
16 4 38
16 4 39
16 4 40
16 4 41
16 4 42
16 4 43
16 4 44
16 4 45
16 4 46
16 4 47
16 4 48
16 4 49
16 4 50
16 4 51
16 4 52
16 4 53
16 4 54
16 4 55
16 4 56
16 4 57
16 4 58
16 4 59
16 4 60
16 4 61
16 4 62
16 4 63
16 4 64
16 5 1
16 5 2
16 5 3
16 5 4
16 5 5
16 5 6
16 5 7
16 5 8
16 5 9
16 5 10
16 5 11
16 5 12
16 5 13
16 5 14
16 5 15
16 5 16
16 5 17
16 5 18
16 5 19
16 5 20
16 5 21
16 5 22
16 5 23
16 5 24
16 5 25
16 5 26
16 5 27
16 5 28
16 5 29
16 5 30
16 5 31
16 5 32
16 5 33
16 5 34
16 5 35
16 5 36
16 5 37
16 5 38
16 5 39
16 5 40
16 5 41
16 5 42
16 5 43
16 5 44
16 5 45
16 5 46
16 5 47
16 5 48
16 5 49
16 5 50
16 5 51
16 5 52
16 5 53
16 5 54
16 5 55
16 5 56
16 5 57
16 5 58
16 5 59
16 5 60
16 5 61
16 5 62
16 5 63
16 5 64
16 5 65
16 5 66
16 5 67
16 5 68
16 5 69
16 5 70
16 5 71
16 5 72
16 5 73
16 5 74
16 5 75
16 5 76
16 5 77
16 5 78
16 5 79
16 5 80
16 6 1
16 6 2
16 6 3
16 6 4
16 6 5
16 6 6
16 6 7
16 6 8
16 6 9
16 6 10
16 6 11
16 6 12
16 6 13
16 6 14
16 6 15
16 6 16
16 6 17
16 6 18
16 6 19
16 6 20
16 6 21
16 6 22
16 6 23
16 6 24
16 6 25
16 6 26
16 6 27
16 6 28
16 6 29
16 6 30
16 6 31
16 6 32
16 6 33
16 6 34
16 6 35
16 6 36
16 6 37
16 6 38
16 6 39
16 6 40
16 6 41
16 6 42
16 6 43
16 6 44
16 6 45
16 6 46
16 6 47
16 6 48
16 6 49
16 6 50
16 6 51
16 6 52
16 6 53
16 6 54
16 6 55
16 6 56
16 6 57
16 6 58
16 6 59
16 6 60
16 6 61
16 6 62
16 6 63
16 6 64
16 6 65
16 6 66
16 6 67
16 6 68
16 6 69
16 6 70
16 6 71
16 6 72
16 6 73
16 6 74
16 6 75
16 6 76
16 6 77
16 6 78
16 6 79
16 6 80
16 6 81
16 6 82
16 6 83
16 6 84
16 6 85
16 6 86
16 6 87
16 6 88
16 6 89
16 6 90
16 6 91
16 6 92
16 6 93
16 6 94
16 6 95
16 6 96
16 7 1
16 7 2
16 7 3
16 7 4
16 7 5
16 7 6
16 7 7
16 7 8
16 7 9
16 7 10
16 7 11
16 7 12
16 7 13
16 7 14
16 7 15
16 7 16
16 7 17
16 7 18
16 7 19
16 7 20
16 7 21
16 7 22
16 7 23
16 7 24
16 7 25
16 7 26
16 7 27
16 7 28
16 7 29
16 7 30
16 7 31
16 7 32
16 7 33
16 7 34
16 7 35
16 7 36
16 7 37
16 7 38
16 7 39
16 7 40
16 7 41
16 7 42
16 7 43
16 7 44
16 7 45
16 7 46
16 7 47
16 7 48
16 7 49
16 7 50
16 7 51
16 7 52
16 7 53
16 7 54
16 7 55
16 7 56
16 7 57
16 7 58
16 7 59
16 7 60
16 7 61
16 7 62
16 7 63
16 7 64
16 7 65
16 7 66
16 7 67
16 7 68
16 7 69
16 7 70
16 7 71
16 7 72
16 7 73
16 7 74
16 7 75
16 7 76
16 7 77
16 7 78
16 7 79
16 7 80
16 7 81
16 7 82
16 7 83
16 7 84
16 7 85
16 7 86
16 7 87
16 7 88
16 7 89
16 7 90
16 7 91
16 7 92
16 7 93
16 7 94
16 7 95
16 7 96
16 7 97
16 7 98
16 7 99
16 7 100
16 7 101
16 7 102
16 7 103
16 7 104
16 7 105
16 7 106
16 7 107
16 7 108
16 7 109
16 7 110
16 7 111
16 7 112
16 8 1
16 8 2
16 8 3
16 8 4
16 8 5
16 8 6
16 8 7
16 8 8
16 8 9
16 8 10
16 8 11
16 8 12
16 8 13
16 8 14
16 8 15
16 8 16
16 8 17
16 8 18
16 8 19
16 8 20
16 8 21
16 8 22
16 8 23
16 8 24
16 8 25
16 8 26
16 8 27
16 8 28
16 8 29
16 8 30
16 8 31
16 8 32
16 8 33
16 8 34
16 8 35
16 8 36
16 8 37
16 8 38
16 8 39
16 8 40
16 8 41
16 8 42
16 8 43
16 8 44
16 8 45
16 8 46
16 8 47
16 8 48
16 8 49
16 8 50
16 8 51
16 8 52
16 8 53
16 8 54
16 8 55
16 8 56
16 8 57
16 8 58
16 8 59
16 8 60
16 8 61
16 8 62
16 8 63
16 8 64
16 8 65
16 8 66
16 8 67
16 8 68
16 8 69
16 8 70
16 8 71
16 8 72
16 8 73
16 8 74
16 8 75
16 8 76
16 8 77
16 8 78
16 8 79
16 8 80
16 8 81
16 8 82
16 8 83
16 8 84
16 8 85
16 8 86
16 8 87
16 8 88
16 8 89
16 8 90
16 8 91
16 8 92
16 8 93
16 8 94
16 8 95
16 8 96
16 8 97
16 8 98
16 8 99
16 8 100
16 8 101
16 8 102
16 8 103
16 8 104
16 8 105
16 8 106
16 8 107
16 8 108
16 8 109
16 8 110
16 8 111
16 8 112
16 8 113
16 8 114
16 8 115
16 8 116
16 8 117
16 8 118
16 8 119
16 8 120
16 8 121
16 8 122
16 8 123
16 8 124
16 8 125
16 8 126
16 8 127
16 8 128
16 9 1
16 9 2
16 9 3
16 9 4
16 9 5
16 9 6
16 9 7
16 9 8
16 9 9
16 9 10
16 9 11
16 9 12
16 9 13
16 9 14
16 9 15
16 9 16
16 9 17
16 9 18
16 9 19
16 9 20
16 9 21
16 9 22
16 9 23
16 9 24
16 9 25
16 9 26
16 9 27
16 9 28
16 9 29
16 9 30
16 9 31
16 9 32
16 9 33
16 9 34
16 9 35
16 9 36
16 9 37
16 9 38
16 9 39
16 9 40
16 9 41
16 9 42
16 9 43
16 9 44
16 9 45
16 9 46
16 9 47
16 9 48
16 9 49
16 9 50
16 9 51
16 9 52
16 9 53
16 9 54
16 9 55
16 9 56
16 9 57
16 9 58
16 9 59
16 9 60
16 9 61
16 9 62
16 9 63
16 9 64
16 9 65
16 9 66
16 9 67
16 9 68
16 9 69
16 9 70
16 9 71
16 9 72
16 9 73
16 9 74
16 9 75
16 9 76
16 9 77
16 9 78
16 9 79
16 9 80
16 9 81
16 9 82
16 9 83
16 9 84
16 9 85
16 9 86
16 9 87
16 9 88
16 9 89
16 9 90
16 9 91
16 9 92
16 9 93
16 9 94
16 9 95
16 9 96
16 9 97
16 9 98
16 9 99
16 9 100
16 9 101
16 9 102
16 9 103
16 9 104
16 9 105
16 9 106
16 9 107
16 9 108
16 9 109
16 9 110
16 9 111
16 9 112
16 9 113
16 9 114
16 9 115
16 9 116
16 9 117
16 9 118
16 9 119
16 9 120
16 9 121
16 9 122
16 9 123
16 9 124
16 9 125
16 9 126
16 9 127
16 9 128
16 9 129
16 9 130
16 9 131
16 9 132
16 9 133
16 9 134
16 9 135
16 9 136
16 9 137
16 9 138
16 9 139
16 9 140
16 9 141
16 9 142
16 9 143
16 9 144
17 1 1
17 1 2
17 1 3
17 1 4
17 1 5
17 1 6
17 1 7
17 1 8
17 1 9
17 1 10
17 1 11
17 1 12
17 1 13
17 1 14
17 1 15
17 1 16
17 1 17
17 2 1
17 2 2
17 2 3
17 2 4
17 2 5
17 2 6
17 2 7
17 2 8
17 2 9
17 2 10
17 2 11
17 2 12
17 2 13
17 2 14
17 2 15
17 2 16
17 2 17
17 2 18
17 2 19
17 2 20
17 2 21
17 2 22
17 2 23
17 2 24
17 2 25
17 2 26
17 2 27
17 2 28
17 2 29
17 2 30
17 2 31
17 2 32
17 2 33
17 2 34
17 3 1
17 3 2
17 3 3
17 3 4
17 3 5
17 3 6
17 3 7
17 3 8
17 3 9
17 3 10
17 3 11
17 3 12
17 3 13
17 3 14
17 3 15
17 3 16
17 3 17
17 3 18
17 3 19
17 3 20
17 3 21
17 3 22
17 3 23
17 3 24
17 3 25
17 3 26
17 3 27
17 3 28
17 3 29
17 3 30
17 3 31
17 3 32
17 3 33
17 3 34
17 3 35
17 3 36
17 3 37
17 3 38
17 3 39
17 3 40
17 3 41
17 3 42
17 3 43
17 3 44
17 3 45
17 3 46
17 3 47
17 3 48
17 3 49
17 3 50
17 3 51
17 4 1
17 4 2
17 4 3
17 4 4
17 4 5
17 4 6
17 4 7
17 4 8
17 4 9
17 4 10
17 4 11
17 4 12
17 4 13
17 4 14
17 4 15
17 4 16
17 4 17
17 4 18
17 4 19
17 4 20
17 4 21
17 4 22
17 4 23
17 4 24
17 4 25
17 4 26
17 4 27
17 4 28
17 4 29
17 4 30
17 4 31
17 4 32
17 4 33
17 4 34
17 4 35
17 4 36
17 4 37
17 4 38
17 4 39
17 4 40
17 4 41
17 4 42
17 4 43
17 4 44
17 4 45
17 4 46
17 4 47
17 4 48
17 4 49
17 4 50
17 4 51
17 4 52
17 4 53
17 4 54
17 4 55
17 4 56
17 4 57
17 4 58
17 4 59
17 4 60
17 4 61
17 4 62
17 4 63
17 4 64
17 4 65
17 4 66
17 4 67
17 4 68
17 5 1
17 5 2
17 5 3
17 5 4
17 5 5
17 5 6
17 5 7
17 5 8
17 5 9
17 5 10
17 5 11
17 5 12
17 5 13
17 5 14
17 5 15
17 5 16
17 5 17
17 5 18
17 5 19
17 5 20
17 5 21
17 5 22
17 5 23
17 5 24
17 5 25
17 5 26
17 5 27
17 5 28
17 5 29
17 5 30
17 5 31
17 5 32
17 5 33
17 5 34
17 5 35
17 5 36
17 5 37
17 5 38
17 5 39
17 5 40
17 5 41
17 5 42
17 5 43
17 5 44
17 5 45
17 5 46
17 5 47
17 5 48
17 5 49
17 5 50
17 5 51
17 5 52
17 5 53
17 5 54
17 5 55
17 5 56
17 5 57
17 5 58
17 5 59
17 5 60
17 5 61
17 5 62
17 5 63
17 5 64
17 5 65
17 5 66
17 5 67
17 5 68
17 5 69
17 5 70
17 5 71
17 5 72
17 5 73
17 5 74
17 5 75
17 5 76
17 5 77
17 5 78
17 5 79
17 5 80
17 5 81
17 5 82
17 5 83
17 5 84
17 5 85
17 6 1
17 6 2
17 6 3
17 6 4
17 6 5
17 6 6
17 6 7
17 6 8
17 6 9
17 6 10
17 6 11
17 6 12
17 6 13
17 6 14
17 6 15
17 6 16
17 6 17
17 6 18
17 6 19
17 6 20
17 6 21
17 6 22
17 6 23
17 6 24
17 6 25
17 6 26
17 6 27
17 6 28
17 6 29
17 6 30
17 6 31
17 6 32
17 6 33
17 6 34
17 6 35
17 6 36
17 6 37
17 6 38
17 6 39
17 6 40
17 6 41
17 6 42
17 6 43
17 6 44
17 6 45
17 6 46
17 6 47
17 6 48
17 6 49
17 6 50
17 6 51
17 6 52
17 6 53
17 6 54
17 6 55
17 6 56
17 6 57
17 6 58
17 6 59
17 6 60
17 6 61
17 6 62
17 6 63
17 6 64
17 6 65
17 6 66
17 6 67
17 6 68
17 6 69
17 6 70
17 6 71
17 6 72
17 6 73
17 6 74
17 6 75
17 6 76
17 6 77
17 6 78
17 6 79
17 6 80
17 6 81
17 6 82
17 6 83
17 6 84
17 6 85
17 6 86
17 6 87
17 6 88
17 6 89
17 6 90
17 6 91
17 6 92
17 6 93
17 6 94
17 6 95
17 6 96
17 6 97
17 6 98
17 6 99
17 6 100
17 6 101
17 6 102
17 7 1
17 7 2
17 7 3
17 7 4
17 7 5
17 7 6
17 7 7
17 7 8
17 7 9
17 7 10
17 7 11
17 7 12
17 7 13
17 7 14
17 7 15
17 7 16
17 7 17
17 7 18
17 7 19
17 7 20
17 7 21
17 7 22
17 7 23
17 7 24
17 7 25
17 7 26
17 7 27
17 7 28
17 7 29
17 7 30
17 7 31
17 7 32
17 7 33
17 7 34
17 7 35
17 7 36
17 7 37
17 7 38
17 7 39
17 7 40
17 7 41
17 7 42
17 7 43
17 7 44
17 7 45
17 7 46
17 7 47
17 7 48
17 7 49
17 7 50
17 7 51
17 7 52
17 7 53
17 7 54
17 7 55
17 7 56
17 7 57
17 7 58
17 7 59
17 7 60
17 7 61
17 7 62
17 7 63
17 7 64
17 7 65
17 7 66
17 7 67
17 7 68
17 7 69
17 7 70
17 7 71
17 7 72
17 7 73
17 7 74
17 7 75
17 7 76
17 7 77
17 7 78
17 7 79
17 7 80
17 7 81
17 7 82
17 7 83
17 7 84
17 7 85
17 7 86
17 7 87
17 7 88
17 7 89
17 7 90
17 7 91
17 7 92
17 7 93
17 7 94
17 7 95
17 7 96
17 7 97
17 7 98
17 7 99
17 7 100
17 7 101
17 7 102
17 7 103
17 7 104
17 7 105
17 7 106
17 7 107
17 7 108
17 7 109
17 7 110
17 7 111
17 7 112
17 7 113
17 7 114
17 7 115
17 7 116
17 7 117
17 7 118
17 7 119
17 8 1
17 8 2
17 8 3
17 8 4
17 8 5
17 8 6
17 8 7
17 8 8
17 8 9
17 8 10
17 8 11
17 8 12
17 8 13
17 8 14
17 8 15
17 8 16
17 8 17
17 8 18
17 8 19
17 8 20
17 8 21
17 8 22
17 8 23
17 8 24
17 8 25
17 8 26
17 8 27
17 8 28
17 8 29
17 8 30
17 8 31
17 8 32
17 8 33
17 8 34
17 8 35
17 8 36
17 8 37
17 8 38
17 8 39
17 8 40
17 8 41
17 8 42
17 8 43
17 8 44
17 8 45
17 8 46
17 8 47
17 8 48
17 8 49
17 8 50
17 8 51
17 8 52
17 8 53
17 8 54
17 8 55
17 8 56
17 8 57
17 8 58
17 8 59
17 8 60
17 8 61
17 8 62
17 8 63
17 8 64
17 8 65
17 8 66
17 8 67
17 8 68
17 8 69
17 8 70
17 8 71
17 8 72
17 8 73
17 8 74
17 8 75
17 8 76
17 8 77
17 8 78
17 8 79
17 8 80
17 8 81
17 8 82
17 8 83
17 8 84
17 8 85
17 8 86
17 8 87
17 8 88
17 8 89
17 8 90
17 8 91
17 8 92
17 8 93
17 8 94
17 8 95
17 8 96
17 8 97
17 8 98
17 8 99
17 8 100
17 8 101
17 8 102
17 8 103
17 8 104
17 8 105
17 8 106
17 8 107
17 8 108
17 8 109
17 8 110
17 8 111
17 8 112
17 8 113
17 8 114
17 8 115
17 8 116
17 8 117
17 8 118
17 8 119
17 8 120
17 8 121
17 8 122
17 8 123
17 8 124
17 8 125
17 8 126
17 8 127
17 8 128
17 8 129
17 8 130
17 8 131
17 8 132
17 8 133
17 8 134
17 8 135
17 8 136
17 9 1
17 9 2
17 9 3
17 9 4
17 9 5
17 9 6
17 9 7
17 9 8
17 9 9
17 9 10
17 9 11
17 9 12
17 9 13
17 9 14
17 9 15
17 9 16
17 9 17
17 9 18
17 9 19
17 9 20
17 9 21
17 9 22
17 9 23
17 9 24
17 9 25
17 9 26
17 9 27
17 9 28
17 9 29
17 9 30
17 9 31
17 9 32
17 9 33
17 9 34
17 9 35
17 9 36
17 9 37
17 9 38
17 9 39
17 9 40
17 9 41
17 9 42
17 9 43
17 9 44
17 9 45
17 9 46
17 9 47
17 9 48
17 9 49
17 9 50
17 9 51
17 9 52
17 9 53
17 9 54
17 9 55
17 9 56
17 9 57
17 9 58
17 9 59
17 9 60
17 9 61
17 9 62
17 9 63
17 9 64
17 9 65
17 9 66
17 9 67
17 9 68
17 9 69
17 9 70
17 9 71
17 9 72
17 9 73
17 9 74
17 9 75
17 9 76
17 9 77
17 9 78
17 9 79
17 9 80
17 9 81
17 9 82
17 9 83
17 9 84
17 9 85
17 9 86
17 9 87
17 9 88
17 9 89
17 9 90
17 9 91
17 9 92
17 9 93
17 9 94
17 9 95
17 9 96
17 9 97
17 9 98
17 9 99
17 9 100
17 9 101
17 9 102
17 9 103
17 9 104
17 9 105
17 9 106
17 9 107
17 9 108
17 9 109
17 9 110
17 9 111
17 9 112
17 9 113
17 9 114
17 9 115
17 9 116
17 9 117
17 9 118
17 9 119
17 9 120
17 9 121
17 9 122
17 9 123
17 9 124
17 9 125
17 9 126
17 9 127
17 9 128
17 9 129
17 9 130
17 9 131
17 9 132
17 9 133
17 9 134
17 9 135
17 9 136
17 9 137
17 9 138
17 9 139
17 9 140
17 9 141
17 9 142
17 9 143
17 9 144
17 9 145
17 9 146
17 9 147
17 9 148
17 9 149
17 9 150
17 9 151
17 9 152
17 9 153
18 1 1
18 1 2
18 1 3
18 1 4
18 1 5
18 1 6
18 1 7
18 1 8
18 1 9
18 1 10
18 1 11
18 1 12
18 1 13
18 1 14
18 1 15
18 1 16
18 1 17
18 1 18
18 2 1
18 2 2
18 2 3
18 2 4
18 2 5
18 2 6
18 2 7
18 2 8
18 2 9
18 2 10
18 2 11
18 2 12
18 2 13
18 2 14
18 2 15
18 2 16
18 2 17
18 2 18
18 2 19
18 2 20
18 2 21
18 2 22
18 2 23
18 2 24
18 2 25
18 2 26
18 2 27
18 2 28
18 2 29
18 2 30
18 2 31
18 2 32
18 2 33
18 2 34
18 2 35
18 2 36
18 3 1
18 3 2
18 3 3
18 3 4
18 3 5
18 3 6
18 3 7
18 3 8
18 3 9
18 3 10
18 3 11
18 3 12
18 3 13
18 3 14
18 3 15
18 3 16
18 3 17
18 3 18
18 3 19
18 3 20
18 3 21
18 3 22
18 3 23
18 3 24
18 3 25
18 3 26
18 3 27
18 3 28
18 3 29
18 3 30
18 3 31
18 3 32
18 3 33
18 3 34
18 3 35
18 3 36
18 3 37
18 3 38
18 3 39
18 3 40
18 3 41
18 3 42
18 3 43
18 3 44
18 3 45
18 3 46
18 3 47
18 3 48
18 3 49
18 3 50
18 3 51
18 3 52
18 3 53
18 3 54
18 4 1
18 4 2
18 4 3
18 4 4
18 4 5
18 4 6
18 4 7
18 4 8
18 4 9
18 4 10
18 4 11
18 4 12
18 4 13
18 4 14
18 4 15
18 4 16
18 4 17
18 4 18
18 4 19
18 4 20
18 4 21
18 4 22
18 4 23
18 4 24
18 4 25
18 4 26
18 4 27
18 4 28
18 4 29
18 4 30
18 4 31
18 4 32
18 4 33
18 4 34
18 4 35
18 4 36
18 4 37
18 4 38
18 4 39
18 4 40
18 4 41
18 4 42
18 4 43
18 4 44
18 4 45
18 4 46
18 4 47
18 4 48
18 4 49
18 4 50
18 4 51
18 4 52
18 4 53
18 4 54
18 4 55
18 4 56
18 4 57
18 4 58
18 4 59
18 4 60
18 4 61
18 4 62
18 4 63
18 4 64
18 4 65
18 4 66
18 4 67
18 4 68
18 4 69
18 4 70
18 4 71
18 4 72
18 5 1
18 5 2
18 5 3
18 5 4
18 5 5
18 5 6
18 5 7
18 5 8
18 5 9
18 5 10
18 5 11
18 5 12
18 5 13
18 5 14
18 5 15
18 5 16
18 5 17
18 5 18
18 5 19
18 5 20
18 5 21
18 5 22
18 5 23
18 5 24
18 5 25
18 5 26
18 5 27
18 5 28
18 5 29
18 5 30
18 5 31
18 5 32
18 5 33
18 5 34
18 5 35
18 5 36
18 5 37
18 5 38
18 5 39
18 5 40
18 5 41
18 5 42
18 5 43
18 5 44
18 5 45
18 5 46
18 5 47
18 5 48
18 5 49
18 5 50
18 5 51
18 5 52
18 5 53
18 5 54
18 5 55
18 5 56
18 5 57
18 5 58
18 5 59
18 5 60
18 5 61
18 5 62
18 5 63
18 5 64
18 5 65
18 5 66
18 5 67
18 5 68
18 5 69
18 5 70
18 5 71
18 5 72
18 5 73
18 5 74
18 5 75
18 5 76
18 5 77
18 5 78
18 5 79
18 5 80
18 5 81
18 5 82
18 5 83
18 5 84
18 5 85
18 5 86
18 5 87
18 5 88
18 5 89
18 5 90
18 6 1
18 6 2
18 6 3
18 6 4
18 6 5
18 6 6
18 6 7
18 6 8
18 6 9
18 6 10
18 6 11
18 6 12
18 6 13
18 6 14
18 6 15
18 6 16
18 6 17
18 6 18
18 6 19
18 6 20
18 6 21
18 6 22
18 6 23
18 6 24
18 6 25
18 6 26
18 6 27
18 6 28
18 6 29
18 6 30
18 6 31
18 6 32
18 6 33
18 6 34
18 6 35
18 6 36
18 6 37
18 6 38
18 6 39
18 6 40
18 6 41
18 6 42
18 6 43
18 6 44
18 6 45
18 6 46
18 6 47
18 6 48
18 6 49
18 6 50
18 6 51
18 6 52
18 6 53
18 6 54
18 6 55
18 6 56
18 6 57
18 6 58
18 6 59
18 6 60
18 6 61
18 6 62
18 6 63
18 6 64
18 6 65
18 6 66
18 6 67
18 6 68
18 6 69
18 6 70
18 6 71
18 6 72
18 6 73
18 6 74
18 6 75
18 6 76
18 6 77
18 6 78
18 6 79
18 6 80
18 6 81
18 6 82
18 6 83
18 6 84
18 6 85
18 6 86
18 6 87
18 6 88
18 6 89
18 6 90
18 6 91
18 6 92
18 6 93
18 6 94
18 6 95
18 6 96
18 6 97
18 6 98
18 6 99
18 6 100
18 6 101
18 6 102
18 6 103
18 6 104
18 6 105
18 6 106
18 6 107
18 6 108
18 7 1
18 7 2
18 7 3
18 7 4
18 7 5
18 7 6
18 7 7
18 7 8
18 7 9
18 7 10
18 7 11
18 7 12
18 7 13
18 7 14
18 7 15
18 7 16
18 7 17
18 7 18
18 7 19
18 7 20
18 7 21
18 7 22
18 7 23
18 7 24
18 7 25
18 7 26
18 7 27
18 7 28
18 7 29
18 7 30
18 7 31
18 7 32
18 7 33
18 7 34
18 7 35
18 7 36
18 7 37
18 7 38
18 7 39
18 7 40
18 7 41
18 7 42
18 7 43
18 7 44
18 7 45
18 7 46
18 7 47
18 7 48
18 7 49
18 7 50
18 7 51
18 7 52
18 7 53
18 7 54
18 7 55
18 7 56
18 7 57
18 7 58
18 7 59
18 7 60
18 7 61
18 7 62
18 7 63
18 7 64
18 7 65
18 7 66
18 7 67
18 7 68
18 7 69
18 7 70
18 7 71
18 7 72
18 7 73
18 7 74
18 7 75
18 7 76
18 7 77
18 7 78
18 7 79
18 7 80
18 7 81
18 7 82
18 7 83
18 7 84
18 7 85
18 7 86
18 7 87
18 7 88
18 7 89
18 7 90
18 7 91
18 7 92
18 7 93
18 7 94
18 7 95
18 7 96
18 7 97
18 7 98
18 7 99
18 7 100
18 7 101
18 7 102
18 7 103
18 7 104
18 7 105
18 7 106
18 7 107
18 7 108
18 7 109
18 7 110
18 7 111
18 7 112
18 7 113
18 7 114
18 7 115
18 7 116
18 7 117
18 7 118
18 7 119
18 7 120
18 7 121
18 7 122
18 7 123
18 7 124
18 7 125
18 7 126
18 8 1
18 8 2
18 8 3
18 8 4
18 8 5
18 8 6
18 8 7
18 8 8
18 8 9
18 8 10
18 8 11
18 8 12
18 8 13
18 8 14
18 8 15
18 8 16
18 8 17
18 8 18
18 8 19
18 8 20
18 8 21
18 8 22
18 8 23
18 8 24
18 8 25
18 8 26
18 8 27
18 8 28
18 8 29
18 8 30
18 8 31
18 8 32
18 8 33
18 8 34
18 8 35
18 8 36
18 8 37
18 8 38
18 8 39
18 8 40
18 8 41
18 8 42
18 8 43
18 8 44
18 8 45
18 8 46
18 8 47
18 8 48
18 8 49
18 8 50
18 8 51
18 8 52
18 8 53
18 8 54
18 8 55
18 8 56
18 8 57
18 8 58
18 8 59
18 8 60
18 8 61
18 8 62
18 8 63
18 8 64
18 8 65
18 8 66
18 8 67
18 8 68
18 8 69
18 8 70
18 8 71
18 8 72
18 8 73
18 8 74
18 8 75
18 8 76
18 8 77
18 8 78
18 8 79
18 8 80
18 8 81
18 8 82
18 8 83
18 8 84
18 8 85
18 8 86
18 8 87
18 8 88
18 8 89
18 8 90
18 8 91
18 8 92
18 8 93
18 8 94
18 8 95
18 8 96
18 8 97
18 8 98
18 8 99
18 8 100
18 8 101
18 8 102
18 8 103
18 8 104
18 8 105
18 8 106
18 8 107
18 8 108
18 8 109
18 8 110
18 8 111
18 8 112
18 8 113
18 8 114
18 8 115
18 8 116
18 8 117
18 8 118
18 8 119
18 8 120
18 8 121
18 8 122
18 8 123
18 8 124
18 8 125
18 8 126
18 8 127
18 8 128
18 8 129
18 8 130
18 8 131
18 8 132
18 8 133
18 8 134
18 8 135
18 8 136
18 8 137
18 8 138
18 8 139
18 8 140
18 8 141
18 8 142
18 8 143
18 8 144
18 9 1
18 9 2
18 9 3
18 9 4
18 9 5
18 9 6
18 9 7
18 9 8
18 9 9
18 9 10
18 9 11
18 9 12
18 9 13
18 9 14
18 9 15
18 9 16
18 9 17
18 9 18
18 9 19
18 9 20
18 9 21
18 9 22
18 9 23
18 9 24
18 9 25
18 9 26
18 9 27
18 9 28
18 9 29
18 9 30
18 9 31
18 9 32
18 9 33
18 9 34
18 9 35
18 9 36
18 9 37
18 9 38
18 9 39
18 9 40
18 9 41
18 9 42
18 9 43
18 9 44
18 9 45
18 9 46
18 9 47
18 9 48
18 9 49
18 9 50
18 9 51
18 9 52
18 9 53
18 9 54
18 9 55
18 9 56
18 9 57
18 9 58
18 9 59
18 9 60
18 9 61
18 9 62
18 9 63
18 9 64
18 9 65
18 9 66
18 9 67
18 9 68
18 9 69
18 9 70
18 9 71
18 9 72
18 9 73
18 9 74
18 9 75
18 9 76
18 9 77
18 9 78
18 9 79
18 9 80
18 9 81
18 9 82
18 9 83
18 9 84
18 9 85
18 9 86
18 9 87
18 9 88
18 9 89
18 9 90
18 9 91
18 9 92
18 9 93
18 9 94
18 9 95
18 9 96
18 9 97
18 9 98
18 9 99
18 9 100
18 9 101
18 9 102
18 9 103
18 9 104
18 9 105
18 9 106
18 9 107
18 9 108
18 9 109
18 9 110
18 9 111
18 9 112
18 9 113
18 9 114
18 9 115
18 9 116
18 9 117
18 9 118
18 9 119
18 9 120
18 9 121
18 9 122
18 9 123
18 9 124
18 9 125
18 9 126
18 9 127
18 9 128
18 9 129
18 9 130
18 9 131
18 9 132
18 9 133
18 9 134
18 9 135
18 9 136
18 9 137
18 9 138
18 9 139
18 9 140
18 9 141
18 9 142
18 9 143
18 9 144
18 9 145
18 9 146
18 9 147
18 9 148
18 9 149
18 9 150
18 9 151
18 9 152
18 9 153
18 9 154
18 9 155
18 9 156
18 9 157
18 9 158
18 9 159
18 9 160
18 9 161
18 9 162
